# Y_test, mean_pred, pred_error
-9.491000,-9.544118,0.013931
-10.890000,-10.720247,0.022434
-10.280000,-10.090357,0.046394
-10.660000,-10.672531,0.032161
-10.550000,-10.585282,0.022420
-10.510000,-10.626306,0.057768
-9.807000,-9.804128,0.011394
-9.845000,-9.821586,0.031856
-10.130000,-10.070030,0.019632
-10.550000,-10.565147,0.015686
-8.469000,-8.847424,0.185498
-9.538000,-9.831119,0.528385
-12.050000,-12.013591,0.165629
-9.955000,-10.003433,0.078612
-9.738000,-9.660420,0.023847
-10.420000,-10.436053,0.029649
-10.290000,-9.602520,0.012926
-9.401000,-9.444070,0.011333
-10.550000,-10.550801,0.020792
-11.250000,-11.136170,0.019831
-9.143000,-9.160734,0.023736
-10.640000,-10.994348,0.178212
-11.810000,-11.677158,0.075785
-10.430000,-10.429136,0.021478
-10.000000,-9.938499,0.052925
-9.983000,-9.899039,0.071784
-10.270000,-10.215615,0.020130
-9.780000,-9.814096,0.038473
-9.967000,-9.935685,0.022765
-10.120000,-10.136197,0.015316
-9.991000,-9.962013,0.016742
-10.260000,-10.287399,0.048608
-10.490000,-10.285056,0.072559
-12.700000,-12.510493,0.048001
-10.130000,-10.177765,0.025374
-11.170000,-10.816954,0.075638
-9.530000,-9.621690,0.010626
-11.290000,-11.322934,0.062410
-10.280000,-10.460116,0.030399
-11.310000,-11.213672,0.096530
-10.330000,-10.241720,0.015976
-9.854000,-9.882715,0.056070
-9.097000,-9.335647,0.069012
-9.453000,-9.479402,0.014776
-10.430000,-10.453975,0.016677
-9.959000,-9.977700,0.091464
-10.010000,-9.967853,0.012563
-9.870000,-9.848802,0.023829
-11.190000,-11.168122,0.025966
-10.240000,-10.133223,0.021901
-10.590000,-10.547246,0.036524
-10.190000,-10.271946,0.062339
-10.530000,-10.508890,0.010034
-10.600000,-10.471352,0.027045
-10.090000,-10.024250,0.033991
-10.600000,-10.508993,0.030487
-10.740000,-10.598624,0.263339
-9.699000,-10.108981,0.135534
-10.130000,-10.177765,0.025374
-9.324000,-9.364485,0.013945
-11.210000,-11.194413,0.024882
-9.770000,-9.873229,0.024620
-9.839000,-9.813589,0.006724
-9.648000,-9.659526,0.012813
-9.848000,-9.816020,0.016663
-11.170000,-11.107906,0.104483
-10.050000,-10.452308,0.133285
-9.456000,-9.199634,0.022400
-9.167000,-9.302050,0.024629
-10.080000,-10.022977,0.045464
-11.630000,-11.761657,0.094655
-12.550000,-12.374045,0.020509
-8.703000,-9.020072,0.114323
-11.480000,-11.135174,0.066037
-9.796000,-9.952334,0.092573
-10.060000,-10.110484,0.024083
-11.170000,-11.728215,0.140897
-10.520000,-10.623462,0.042206
-12.140000,-11.664947,0.033841
-10.920000,-10.740054,0.104803
-10.100000,-10.023235,0.067638
-9.788000,-10.018502,0.035653
-9.499000,-9.478025,0.011934
-9.577000,-9.603709,0.011976
-10.510000,-10.256519,0.116567
-12.190000,-12.125098,0.085317
-11.540000,-10.806811,0.075738
-11.310000,-11.144320,0.128990
-8.959000,-8.971204,0.013524
-10.080000,-10.086470,0.043827
-10.950000,-10.952265,0.088083
-10.030000,-9.793247,0.096250
-12.420000,-12.350713,0.024661
-9.481000,-9.504589,0.018932
-11.570000,-11.304734,0.083784
-10.850000,-11.068198,0.192280
-9.775000,-9.788212,0.006028
-9.821000,-9.805628,0.009973
-9.857000,-9.886049,0.030733
-9.479000,-9.481886,0.010893
-11.540000,-11.686747,0.023272
-10.490000,-10.420384,0.064364
-10.930000,-10.846271,0.037877
-10.330000,-10.472516,0.043158
-11.070000,-11.145290,0.033411
-10.630000,-10.664376,0.011340
-9.804000,-9.740018,0.020769
-11.140000,-10.917995,0.090300
-10.310000,-10.386639,0.023216
-10.080000,-10.026454,0.035324
-9.745000,-10.318882,0.079720
-10.080000,-10.081216,0.041820
-9.666000,-9.710538,0.014855
-10.740000,-10.781465,0.005285
-10.820000,-10.385754,0.043531
-9.276000,-9.612005,0.204383
-10.340000,-10.296595,0.020371
-9.804000,-9.758751,0.006604
-9.541000,-9.536051,0.007351
-11.480000,-11.551762,0.029215
-10.660000,-10.676702,0.008128
-10.150000,-10.111650,0.028206
-9.775000,-9.782230,0.010308
-9.721000,-9.817899,0.033239
-9.721000,-9.707969,0.094952
-10.310000,-10.389358,0.026389
-11.410000,-11.027942,0.016783
-9.622000,-9.605586,0.021578
-10.960000,-11.210714,0.165316
-9.229000,-9.183272,0.023520
-9.910000,-9.921744,0.039703
-10.610000,-10.650060,0.024212
-10.310000,-10.254631,0.012384
-9.839000,-9.809525,0.005236
-9.836000,-9.941997,0.069180
-10.240000,-10.155731,0.026168
-12.350000,-12.164351,0.061439
-10.610000,-10.685075,0.021696
-9.996000,-10.005759,0.029451
-10.040000,-10.101702,0.149599
-11.920000,-11.225010,0.253153
-10.060000,-10.023452,0.042272
-10.390000,-10.335278,0.026693
-11.750000,-11.761657,0.094655
-8.921000,-8.971204,0.013524
-12.370000,-12.368359,0.015703
-10.370000,-10.443462,0.053026
-9.824000,-10.059147,0.064657
-12.610000,-12.718843,0.078932
-9.793000,-9.792856,0.005007
-10.960000,-10.751562,0.051264
-9.896000,-9.854385,0.004434
-10.720000,-11.068198,0.192280
-11.070000,-11.135174,0.066037
-10.000000,-10.205749,0.060617
-11.140000,-11.212292,0.047023
-9.577000,-9.607456,0.011327
-10.470000,-10.321896,0.076531
-10.050000,-9.991214,0.039948
-10.490000,-10.543266,0.032328
-9.979000,-9.958370,0.005275
-9.854000,-9.820046,0.001902
-10.050000,-9.927400,0.036518
-10.270000,-10.367516,0.031298
-9.851000,-9.915582,0.023418
-9.845000,-9.821586,0.031856
-10.530000,-10.556465,0.020497
-10.080000,-10.055156,0.018356
-10.470000,-10.492191,0.019705
-9.595000,-9.683654,0.025889
-11.100000,-11.292397,0.060874
-9.558000,-9.621690,0.010626
-11.250000,-11.083602,0.092931
-12.280000,-12.361961,0.020521
-9.244000,-9.374682,0.019195
-11.230000,-11.250962,0.015713
-9.513000,-9.367165,0.055662
-9.854000,-9.820046,0.001902
-9.412000,-8.917398,0.082742
-9.264000,-9.328247,0.024942
-9.959000,-10.133593,0.087100
-10.640000,-10.662241,0.023684
-10.570000,-10.350763,0.218185
-10.220000,-10.055939,0.024777
-10.600000,-10.508993,0.030487
-11.920000,-11.725640,0.140254
-10.240000,-10.141991,0.087472
-9.830000,-9.765400,0.015146
-12.650000,-12.510493,0.048001
-10.480000,-10.191657,0.092149
-9.499000,-9.486847,0.015064
-10.240000,-10.147635,0.130824
-8.959000,-8.945020,0.019279
-10.730000,-10.515652,0.150489
-9.137000,-9.198406,0.024920
-9.750000,-9.918909,0.048244
-9.896000,-9.854385,0.004434
-10.740000,-11.002092,0.162320
-10.290000,-10.403496,0.033894
-10.160000,-10.141363,0.008347
-10.740000,-10.867834,0.015444
-9.991000,-10.412396,0.051296
-10.800000,-11.378458,0.344829
-10.080000,-10.184385,0.056186
-9.886000,-9.865145,0.009013
-10.470000,-10.491666,0.068920
-9.564000,-9.930517,0.051118
-9.648000,-9.672652,0.008904
-11.030000,-11.241722,0.023132
-10.210000,-10.037541,0.022347
-10.370000,-10.362068,0.021533
-10.490000,-10.627034,0.059856
-12.700000,-12.652227,0.061991
-10.590000,-10.565806,0.018377
-12.320000,-12.363546,0.024502
-10.920000,-10.508609,0.048880
-10.800000,-10.738873,0.078354
-9.559000,-9.563598,0.003394
-10.290000,-9.873981,0.040457
-10.250000,-10.347913,0.060019
-10.170000,-9.821379,0.062732
-11.480000,-11.569001,0.014419
-10.370000,-10.491285,0.017275
-11.300000,-11.322934,0.062410
-10.150000,-10.172541,0.024373
-9.664000,-9.600021,0.007315
-11.110000,-11.322934,0.062410
-9.666000,-9.711037,0.018967
-13.490000,-13.050051,0.015471
-9.324000,-9.363337,0.012917
-10.740000,-10.943155,0.041567
-9.733000,-9.757030,0.036147
-12.240000,-12.292041,0.101216
-10.050000,-10.010923,0.029463
-10.080000,-9.811886,0.149544
-9.559000,-9.581436,0.071525
-10.260000,-10.280716,0.020288
-11.050000,-11.152742,0.044946
-10.590000,-10.554004,0.020080
-10.160000,-10.024971,0.079509
-9.573000,-9.562268,0.026292
-9.839000,-9.812798,0.006051
-9.442000,-9.458226,0.006230
-10.710000,-10.648972,0.014493
-10.370000,-10.491285,0.017275
-9.401000,-9.461875,0.005580
-10.150000,-10.261729,0.048352
-9.682000,-9.674848,0.003839
-10.200000,-10.321396,0.057547
-9.573000,-9.583253,0.020398
-9.733000,-9.757030,0.036147
-9.536000,-9.555473,0.008034
-10.110000,-10.118966,0.008355
-10.470000,-10.371192,0.080359
-9.730000,-9.678599,0.019141
-9.910000,-9.921744,0.039703
-11.250000,-11.211655,0.031559
-10.110000,-10.118966,0.008355
-9.987000,-10.059262,0.058101
-11.800000,-11.810905,0.014725
-9.260000,-9.623318,0.098042
-9.752000,-9.739292,0.022963
-10.120000,-10.329615,0.076824
-9.979000,-10.217818,0.259156
-9.495000,-9.454001,0.044372
-9.642000,-9.497494,0.094568
-9.804000,-9.740018,0.020769
-10.200000,-10.162866,0.023793
-9.979000,-9.999972,0.020398
-10.660000,-10.648972,0.014493
-9.517000,-9.628991,0.088564
-10.540000,-10.538384,0.071400
-9.638000,-9.628593,0.011893
-10.920000,-10.683516,0.083977
-9.167000,-9.198406,0.024920
-9.244000,-9.378515,0.024281
-12.480000,-12.422711,0.076306
-9.666000,-9.705047,0.018689
-9.544000,-9.706121,0.036117
-11.020000,-11.794555,0.044194
-9.569000,-9.578334,0.005167
-11.280000,-11.300193,0.059338
-10.050000,-9.972130,0.018536
-11.030000,-11.135174,0.066037
-11.080000,-11.135879,0.056822
-9.453000,-9.479402,0.014776
-9.449000,-9.359755,0.029481
-10.370000,-10.456569,0.038561
-12.190000,-11.797246,0.186333
-10.000000,-9.917352,0.056829
-10.230000,-10.201166,0.080744
-10.080000,-10.022977,0.045464
-10.310000,-10.383408,0.021303
-9.740000,-9.726227,0.012548
-10.090000,-10.230747,0.091872
-10.550000,-10.550801,0.020792
-10.740000,-10.867834,0.015444
-9.764000,-9.724413,0.044398
-10.090000,-9.870388,0.046836
-11.290000,-11.322934,0.062410
-10.590000,-10.506448,0.032598
-9.456000,-9.199634,0.022400
-10.110000,-10.139749,0.041246
-11.220000,-11.137546,0.034605
-10.480000,-10.290808,0.099387
-10.670000,-10.548687,0.043400
-10.170000,-10.142897,0.042056
-10.450000,-10.537104,0.096599
-10.730000,-10.935519,0.264284
-10.070000,-10.113879,0.013869
-9.577000,-9.576325,0.006824
-10.710000,-10.648972,0.014493
-11.320000,-11.037822,0.030388
-10.740000,-10.670290,0.007425
-10.020000,-10.554143,0.197223
-12.890000,-12.576133,0.037017
-10.850000,-11.123412,0.061756
-10.240000,-10.295864,0.055490
-9.674000,-9.641067,0.015361
-9.000000,-9.454001,0.044372
-10.700000,-10.583031,0.041875
-9.921000,-9.893084,0.141455
-9.983000,-9.956996,0.032716
-10.070000,-10.247110,0.060694
-10.020000,-10.034260,0.019031
-10.160000,-10.141052,0.008056
-11.290000,-10.496541,0.032032
-9.544000,-9.548455,0.016811
-9.921000,-9.930796,0.036199
-10.490000,-10.443821,0.026264
-11.850000,-12.050718,0.086062
-10.010000,-10.554143,0.197223
-10.120000,-10.056696,0.040439
-9.793000,-9.792856,0.005007
-12.000000,-12.203473,0.018890
-10.340000,-10.304948,0.019879
-9.416000,-9.468923,0.018666
-10.920000,-10.766069,0.060493
-9.991000,-10.013887,0.026711
-10.100000,-10.305125,0.023502
-10.360000,-10.416936,0.025936
-11.720000,-11.234162,0.225819
-11.160000,-10.880724,0.167142
-9.843000,-9.979247,0.081344
-12.290000,-12.249236,0.035401
-12.550000,-12.350816,0.024707
-14.150000,-13.853244,0.113019
-10.100000,-10.014742,0.068740
-9.714000,-9.657263,0.022102
-9.939000,-9.994382,0.022469
-9.559000,-9.558180,0.004640
-10.120000,-9.988121,0.040879
-9.697000,-9.709655,0.003111
-9.963000,-9.963262,0.016649
-9.573000,-9.563598,0.003394
-9.340000,-9.915470,0.044633
-11.140000,-11.212292,0.047023
-9.963000,-9.964084,0.016220
-10.620000,-10.420384,0.064364
-10.410000,-10.587869,0.031930
-9.401000,-9.461875,0.005580
-10.280000,-10.338464,0.018616
-9.793000,-9.792856,0.005007
-10.400000,-10.437069,0.017701
-12.170000,-11.761657,0.094655
-10.660000,-10.662017,0.052578
-10.960000,-11.170395,0.077604
-10.140000,-10.052787,0.034238
-10.210000,-10.218046,0.032527
-10.020000,-10.055156,0.018356
-10.820000,-11.225010,0.253153
-11.110000,-11.135879,0.056822
-10.110000,-10.119994,0.007094
-13.660000,-13.637496,0.048865
-9.577000,-9.603709,0.011976
-10.140000,-9.941233,0.070245
-10.410000,-10.131159,0.078897
-10.490000,-10.512149,0.016422
-9.401000,-9.429769,0.007049
-9.854000,-10.015827,0.026089
-9.740000,-9.726227,0.012548
-12.170000,-12.133271,0.011846
-10.040000,-10.065873,0.012349
-9.559000,-9.564242,0.003509
-9.648000,-9.667435,0.008948
-11.120000,-11.135174,0.066037
-10.160000,-10.366002,0.012844
-10.850000,-10.503157,0.115083
-11.390000,-11.279619,0.114018
-9.886000,-9.875236,0.044099
-10.470000,-10.528600,0.033117
-8.626000,-9.084926,0.109332
-10.850000,-10.672531,0.032161
-9.730000,-9.678599,0.019141
-9.664000,-9.600021,0.007315
-11.820000,-11.761657,0.094655
-10.070000,-10.208558,0.056092
-9.735000,-9.879999,0.077709
-9.157000,-9.300430,0.056948
-10.220000,-10.420384,0.064364
-10.960000,-11.129833,0.152658
