# Y_test, mean_pred, pred_error
0.146128,0.111210,0.064082
1.409933,0.805934,0.060210
-0.476253,-0.749553,0.026358
-1.739929,-0.626299,0.024205
-2.096910,-2.231073,0.043556
-1.270026,-0.796909,0.078810
1.004321,0.802961,0.099255
0.431364,0.185321,0.025097
-1.812479,-1.536290,0.060423
-1.158015,0.026336,0.044306
-1.189767,-1.326797,0.087118
1.689309,1.511812,0.028959
-1.585027,-1.492247,0.081279
-0.671620,-0.423544,0.066996
0.136721,0.028055,0.035064
-0.343902,-0.403099,0.062943
-2.202040,-0.170189,0.127815
-0.229148,-0.476613,0.015064
-0.995679,-0.838748,0.024875
1.060698,0.686154,0.027210
0.338456,0.185321,0.025097
-0.013228,-0.014649,0.008426
-2.106238,-1.786552,0.030257
0.143015,-0.134430,0.036659
-2.595166,-2.671452,0.136831
-1.431798,-1.347868,0.182392
-0.026410,0.091858,0.108081
0.887617,0.925204,0.035371
1.292256,0.347727,0.230228
0.336460,0.684653,0.052951
0.336460,0.950774,0.239509
0.439333,0.156754,0.082059
-1.113509,-1.341296,0.097403
-0.913640,-0.663341,0.115429
-0.653647,-0.626299,0.024205
-0.718967,-0.534569,0.032264
0.447158,0.340593,0.051046
-1.058986,0.015178,0.060289
-2.088310,-1.708638,0.233040
-1.318759,-0.865189,0.112755
0.149219,0.371649,0.050448
-0.987163,-0.651742,0.112009
-1.769551,-1.660951,0.217100
0.271842,-0.040513,0.151732
-1.191789,-1.087691,0.083782
0.193125,0.686154,0.027210
-0.790485,-0.838748,0.024875
-1.721246,-1.141517,0.080231
-1.113509,-1.068171,0.074389
-0.026410,0.068448,0.042234
0.578639,0.506774,0.061270
1.334454,1.153528,0.052277
0.000000,-0.035470,0.085589
1.399674,1.198473,0.038239
-1.250264,-0.675699,0.047826
0.107210,-0.034227,0.027188
-0.886057,-0.838748,0.024875
1.033424,0.686154,0.027210
-2.036212,-1.714625,0.062371
-1.527244,-1.598042,0.036323
-2.616185,-2.057293,0.075617
-1.886057,-1.709379,0.052079
-0.987163,-0.517058,0.173079
-0.216811,0.100423,0.021030
0.462398,0.347687,0.189548
0.911158,1.051303,0.019766
-1.402305,-0.713816,0.213753
-0.166853,-0.626299,0.024205
-0.337242,-0.339970,0.106040
-0.614394,0.100423,0.021030
0.060698,-0.938187,0.630315
-1.701147,-0.589807,0.183421
-0.478862,-0.626299,0.024205
1.756636,1.576922,0.043273
1.556303,0.814437,0.142841
1.763428,1.282055,0.033342
0.045323,0.197348,0.027433
0.075547,0.686154,0.027210
-1.557520,-1.650841,0.044152
0.041393,0.272643,0.075287
-0.667562,-0.807834,0.030379
-0.055024,0.083466,0.044208
0.559907,0.371649,0.050448
-0.308918,-0.492433,0.257377
-0.823909,-0.924162,0.037349
1.257679,1.075141,0.142866
-0.677781,-0.572734,0.060305
0.178977,0.340599,0.084832
-1.055517,-0.888815,0.072794
-0.110138,-0.253084,0.046138
-0.407823,-0.861080,0.039434
-0.844664,-0.626299,0.024205
1.060698,1.032358,0.025791
1.161368,1.020746,0.094423
-1.590067,-0.874794,0.077465
-0.809668,-1.064655,0.141909
-1.866461,-1.331313,0.041777
-2.452225,-2.169108,0.094083
-0.091515,-0.112901,0.079023
0.507856,0.634228,0.070567
-0.978811,-1.009840,0.046345
-0.876148,-0.626299,0.024205
-0.543634,0.190495,0.112238
-0.135489,0.727710,0.082395
0.136721,-0.567323,0.205099
-1.703335,-1.786552,0.030257
1.206826,0.947075,0.041328
-2.501689,-2.433990,0.063646
-0.869666,-0.672101,0.029414
1.120574,0.100423,0.021030
-1.850781,-1.786552,0.030257
0.519828,0.370113,0.026642
-1.543634,-2.023933,0.076395
0.176091,0.146592,0.012929
0.478567,0.317836,0.065338
-0.798603,-0.150421,0.062848
-0.876148,-0.978075,0.065406
0.459392,0.385953,0.043459
1.143015,1.190287,0.108631
0.795880,0.650222,0.023960
0.919078,0.837967,0.050461
-0.235077,-0.292839,0.065554
-0.850781,-0.626299,0.024205
-1.401209,-1.282390,0.014542
-1.133122,-0.851052,0.087542
-0.640165,-0.770488,0.057011
-0.389340,-0.479997,0.077691
1.117271,0.686154,0.027210
-1.917215,-1.751694,0.076178
-0.958607,-1.467553,0.122353
0.334454,0.741600,0.025435
1.301030,1.151595,0.036609
-0.490797,-0.619459,0.046871
-0.512862,-0.626299,0.024205
-0.913640,-0.626871,0.093834
-1.420216,-1.381644,0.063205
-0.485452,-0.561448,0.066371
1.149219,1.022918,0.076471
-0.764472,-0.634070,0.010204
0.252853,-0.534569,0.032264
-1.021819,-1.104504,0.022607
1.998695,0.915307,0.186617
0.571709,0.566585,0.046094
0.904716,0.732112,0.016549
0.193125,0.182036,0.032394
0.832509,1.055391,0.148810
0.332439,0.085869,0.188146
-0.425969,0.032433,0.061900
-1.420216,-1.312406,0.099632
-0.838632,-1.064655,0.141909
-1.841638,-1.697815,0.068997
1.898176,0.830799,0.183788
0.117271,0.028936,0.050383
1.644439,1.284152,0.076543
-1.498941,-1.500081,0.071066
-1.777284,-1.215338,0.067493
-0.494850,-0.493926,0.069259
-0.217527,-0.236561,0.029364
-1.732828,-1.721491,0.016164
-0.647818,0.100423,0.021030
0.725912,0.588195,0.064404
1.096910,0.883287,0.076357
0.519828,0.370113,0.026642
-2.309804,-1.797865,0.086331
0.342423,0.283725,0.070573
0.071882,0.686154,0.027210
-0.454693,-0.384269,0.022521
0.495544,0.542175,0.033997
0.120574,-0.241881,0.081910
-0.850781,-1.024329,0.066073
0.068186,0.235849,0.078430
0.045323,-0.437065,0.054130
0.230449,0.096675,0.083618
0.361728,0.047609,0.038917
0.778151,-0.116179,0.136061
-0.312471,-0.363443,0.023549
-0.087247,-0.482195,0.023291
0.198657,0.202602,0.081938
0.056905,-0.079842,0.029773
1.752816,1.822698,0.110280
-1.982967,-1.331313,0.041777
-2.393619,-2.299264,0.023820
0.795185,0.251718,0.084621
-0.892790,-0.559442,0.085489
1.875640,1.936076,0.067058
0.518514,0.358823,0.026706
-0.149967,-0.672101,0.029414
0.996074,0.990226,0.125545
-0.882729,-1.552141,0.136457
-1.481486,-1.465592,0.024877
-0.882729,-0.838748,0.024875
0.857333,0.400687,0.112916
0.436163,0.094531,0.146743
1.176091,1.253839,0.171763
-2.580044,-2.456255,0.015415
-0.879426,-0.516887,0.155980
0.614897,0.741600,0.025435
1.342423,1.253839,0.171763
0.757396,0.105310,0.332145
-0.036212,-0.618943,0.034452
0.869232,0.988825,0.042170
-0.698970,-1.437116,0.136688
-0.400117,-0.036449,0.091462
-0.251037,-0.626299,0.024205
-0.123205,-0.512788,0.132015
0.691082,0.729459,0.045179
-1.500313,-1.532614,0.017233
0.082785,0.477871,0.022182
-0.102373,-0.458451,0.142237
0.012837,0.099917,0.056634
1.743510,1.255587,0.212674
-2.442493,-2.648196,0.050040
0.518514,0.233587,0.276804
1.164353,0.100423,0.021030
-2.793174,-2.426166,0.010627
-1.486782,-1.195360,0.058343
-1.958607,-1.963953,0.035693
-0.568636,-0.352292,0.026190
-0.815309,-0.382816,0.007444
1.089905,1.198473,0.038239
-1.349692,-1.227097,0.055562
-1.630784,-1.465592,0.024877
1.029384,1.075621,0.070723
-1.078314,0.588527,0.074652
-0.376751,-0.453025,0.062229
-0.954677,-1.120829,0.026499
0.864511,0.563343,0.042206
-1.148742,-1.032400,0.040479
-1.767004,-1.931529,0.045311
0.986324,1.119059,0.013937
-0.327902,-0.383285,0.039260
0.525045,0.309929,0.107348
-0.801343,-0.792093,0.028233
0.895975,0.791515,0.077689
-2.262807,-2.087846,0.113335
0.093422,-0.029459,0.013552
0.053078,0.006742,0.028276
1.176091,1.073013,0.041524
-1.931814,-1.814365,0.044589
-0.954677,-0.631529,0.063137
-0.001305,0.022079,0.035323
-2.070581,-2.059065,0.104338
1.004321,0.387039,0.067021
0.397940,0.482468,0.059619
0.734800,0.330178,0.155531
0.079181,-0.237448,0.094874
-0.723538,-0.524307,0.135340
1.583199,0.686154,0.027210
0.146128,0.066947,0.098480
-1.744727,-1.649880,0.038166
-0.752027,-1.235719,0.052988
0.107210,0.163583,0.055063
-0.340084,-0.626299,0.024205
0.394452,0.230142,0.116419
-2.424812,-2.488486,0.016398
-0.179142,-0.437065,0.054130
-0.769551,-0.675699,0.047826
-0.195861,-0.192505,0.098365
0.209515,0.371045,0.039862
-1.679854,-1.692240,0.122973
0.852480,0.791303,0.042295
0.955206,1.040230,0.028461
-1.179799,-1.165918,0.076044
-1.653647,-1.938549,0.028006
-1.419075,-1.243402,0.250801
0.654177,0.834886,0.048284
-1.310691,-1.578500,0.231646
-0.754487,-0.578362,0.154490
0.499687,0.606623,0.050636
0.086360,0.084686,0.074940
-0.647818,-0.698793,0.102650
1.041393,0.948659,0.090483
1.569374,0.686154,0.027210
-0.528708,-0.362459,0.061427
1.431364,1.199319,0.071720
-0.431798,-0.323662,0.035434
-1.525784,-1.611360,0.012103
1.431364,0.345493,0.122272
-2.368556,-1.426616,0.213133
-0.924453,-1.282390,0.014542
-0.084600,-0.019052,0.081047
-0.309804,-0.419115,0.090089
0.000000,-0.101937,0.102712
1.662758,1.561271,0.036461
-0.744727,-0.817450,0.040156
0.423246,0.235662,0.065159
-0.657577,-0.253084,0.046138
-0.458421,-0.626299,0.024205
-0.463442,-0.675699,0.047826
-2.147520,-1.503160,0.023626
0.004321,-0.061851,0.012912
0.964731,0.615496,0.179407
-0.065502,-0.011567,0.065433
-1.747147,-1.750304,0.034615
-0.073658,-0.475086,0.107320
0.702430,0.585250,0.038315
-0.200659,-0.534569,0.032264
-0.214670,-0.318173,0.117761
-1.086186,-1.072950,0.074762
1.999131,1.853135,0.094935
0.594393,0.410879,0.017530
-1.333482,-1.350182,0.017854
-0.640165,-0.672101,0.029414
0.324282,0.632357,0.057180
-1.259637,-1.468480,0.076263
-1.258848,-1.148366,0.032813
-0.484126,-0.556482,0.040336
-1.330683,-1.487674,0.216537
0.644439,0.675604,0.112242
-0.655608,-0.828268,0.116244
-1.823909,-0.912623,0.236785
1.060698,0.850085,0.110032
0.133539,0.120441,0.060603
0.021189,-0.584521,0.166943
-0.519993,-1.488824,0.309944
-0.752027,-0.964591,0.031473
-0.092051,-0.233845,0.034486
-0.860121,-0.634070,0.010204
1.372912,1.514932,0.066232
-2.114074,-1.998183,0.019755
-0.821023,-0.107867,0.057189
-0.853872,-0.745021,0.011502
-1.432974,-1.254788,0.035137
1.459392,1.393700,0.122959
0.079181,0.473630,0.035387
0.853089,0.145745,0.085206
-0.001305,-0.361730,0.060424
-0.045757,-0.507557,0.076409
-0.419075,-0.363443,0.023549
-0.856985,-0.860499,0.015958
-0.821023,-0.905093,0.077113
-0.578396,-0.808146,0.055594
-2.149967,-2.124863,0.042507
-0.275724,-0.356816,0.061356
-0.241845,-0.626299,0.024205
-0.856985,-0.838748,0.024875
-0.341035,-0.461704,0.153336
-0.623423,-0.187507,0.052203
0.152288,-0.474591,0.179706
-1.044793,-0.180364,0.321652
-0.161151,-0.204254,0.053418
-1.069051,-0.353639,0.123823
0.626340,0.920496,0.143895
0.682145,0.690684,0.084084
-0.048662,-0.363443,0.023549
0.531479,0.101548,0.261872
-0.457175,-0.273657,0.032187
0.212188,0.142390,0.028147
-1.498941,-1.448981,0.174160
0.227887,-0.123452,0.070250
-0.316053,-0.412131,0.085853
-1.924453,-1.840595,0.014336
-1.534617,-1.398522,0.027739
0.287802,0.311435,0.057325
-2.790485,-2.604365,0.067198
-1.665546,-1.030484,0.079980
-1.107905,-0.967398,0.081580
-1.079877,-1.066357,0.015378
-2.413413,-2.377283,0.094736
-0.385103,-0.196242,0.069050
-0.692504,-0.025221,0.159663
-0.017729,0.008920,0.011059
0.744293,0.795870,0.045948
-1.886057,-1.747405,0.097911
1.348305,1.321631,0.020220
1.905256,0.978199,0.096407
0.998259,1.031541,0.043485
-1.284833,-1.268819,0.154951
-1.718967,-1.714625,0.062371
-0.129596,0.686154,0.027210
-0.821023,-0.921810,0.194928
0.975891,0.960100,0.062464
-0.040005,-0.029459,0.013552
-0.051098,-0.158879,0.026981
1.290035,1.448685,0.036179
0.445604,0.317367,0.013089
-0.168770,-0.352292,0.026190
-0.379864,-0.712503,0.077964
0.359835,0.206723,0.132242
-1.359519,-1.366519,0.028269
-2.011887,-1.977282,0.045452
-1.962574,-0.534569,0.032264
1.429752,1.218455,0.124562
-0.623423,-0.513798,0.089296
-1.340084,-1.490087,0.056415
-1.482804,-1.195360,0.058343
-0.899629,-1.006919,0.064353
-1.645892,-1.465592,0.024877
1.392697,1.448685,0.036179
-0.823909,-0.774497,0.296212
-0.619789,-0.583300,0.013479
0.413300,0.100423,0.021030
0.793790,0.919324,0.062931
-0.847712,-0.827358,0.015144
-1.025028,-1.015372,0.059493
-1.555955,0.016741,0.140347
-1.341035,-1.025216,0.067523
-0.175224,-0.514079,0.064458
-1.113509,-1.039717,0.011837
1.689309,1.163873,0.085038
-2.293282,-2.083118,0.177185
-0.698970,-0.388548,0.074477
-1.785156,-1.836321,0.044664
1.509203,0.629871,0.179856
-0.235077,-0.183593,0.035190
0.000000,-0.108964,0.039987
0.257679,0.318131,0.052758
0.869232,1.073013,0.041524
-1.492144,-1.630843,0.160289
0.149219,-0.061851,0.012912
-0.429457,-0.535297,0.062572
-0.249492,-0.224278,0.043116
-1.737549,-1.755583,0.042383
0.303196,0.729072,0.157722
0.596597,0.910514,0.101794
-1.325139,-1.106498,0.071485
1.161368,0.686154,0.027210
0.549003,0.413718,0.056615
1.383815,1.283564,0.016104
-0.779892,0.100423,0.021030
0.854306,0.821039,0.057575
-0.306273,-0.425515,0.047215
0.324282,0.358009,0.047442
-0.129011,-0.267359,0.027527
-0.371611,-0.472634,0.056045
0.269513,0.326204,0.114823
1.561101,0.615496,0.179407
0.294466,-0.017263,0.078105
-2.600326,-1.639176,0.147637
0.580925,-0.076872,0.109937
-1.756962,-1.979159,0.108961
-1.552842,-1.504082,0.076207
0.724276,0.417822,0.102440
-0.225483,-0.498761,0.050029
-0.379864,0.096674,0.135796
-0.793174,-0.626299,0.024205
0.457882,0.570418,0.145930
-0.036212,-0.125461,0.032821
-1.274905,-1.109626,0.096802
0.699838,0.293663,0.330212
-0.732828,-0.793902,0.035702
0.278754,0.392844,0.159669
-2.696804,-1.602749,0.060622
-0.022734,0.048375,0.100740
-1.036212,-1.072950,0.074762
0.037427,-1.053810,0.042465
0.796574,0.410879,0.017530
1.624282,1.411439,0.086855
-2.069051,-1.998183,0.019755
-1.285670,-0.626299,0.024205
-0.076238,-0.355564,0.297731
1.522444,0.993084,0.077017
-2.391474,-1.882847,0.165918
-1.694649,-1.722417,0.157062
1.079181,1.350113,0.111391
0.851870,0.550064,0.139484
1.281033,1.068516,0.034208
-2.254145,-2.299516,0.108901
0.600973,-0.655948,0.040337
0.792392,1.073013,0.041524
1.181844,-0.025221,0.159663
-1.062984,-0.972273,0.058504
0.796574,0.933011,0.067606
0.348305,0.733154,0.275002
1.832509,0.686154,0.027210
-0.074172,-0.005359,0.074911
0.977724,0.615496,0.179407
0.071882,0.159872,0.064241
-1.677781,-1.606766,0.075597
-0.896196,-0.992701,0.047483
0.008600,0.044548,0.128612
-2.777284,-2.659412,0.152404
-1.899629,-1.169109,0.114163
0.774517,0.702699,0.014710
0.761928,0.519807,0.037840
1.845718,0.100423,0.021030
-0.860121,0.026336,0.044306
-0.978811,-0.008541,0.099839
0.732394,0.603995,0.018503
-0.369572,-0.047110,0.072928
-1.179142,-0.972864,0.025479
0.884229,0.896813,0.047566
-0.978811,-1.026047,0.055815
0.695482,0.714611,0.019140
0.049218,0.213217,0.009116
-0.522879,0.113424,0.179072
0.975891,0.914633,0.045672
0.113943,0.146592,0.012929
0.255273,0.512647,0.062719
0.045323,-0.138409,0.068830
0.000000,-0.532664,0.094752
1.008600,0.904005,0.046109
0.361728,0.680558,0.050317
-1.104577,-1.174004,0.062667
0.298853,0.718915,0.064453
-0.374688,-1.393536,0.098475
-1.287350,-0.472634,0.056045
0.093422,-0.173132,0.026222
-0.334419,-0.212792,0.053312
0.436163,0.185321,0.025097
-0.703335,-0.483041,0.049013
-0.071092,-0.179476,0.055947
-0.879426,-0.827358,0.015144
-0.292430,-0.192505,0.098365
-1.156145,-1.401715,0.089713
-0.958607,-1.022810,0.029750
-2.497573,-2.488486,0.016398
0.049218,0.100423,0.021030
0.683947,1.160273,0.069051
1.178977,1.299038,0.095483
-0.301030,-0.083453,0.050559
1.832509,1.210660,0.161799
0.113943,0.024471,0.011396
0.729974,0.569856,0.029841
-0.892790,-0.842436,0.103112
-2.605548,-2.486424,0.020491
-0.787812,-0.799799,0.055448
-1.400117,-1.602856,0.026154
-0.754487,-0.971428,0.077035
-0.950782,-0.715651,0.107971
0.075547,-0.077994,0.064544
0.977724,0.822988,0.257618
1.267172,0.387039,0.067021
-0.889410,-0.993260,0.035029
0.414973,0.447220,0.070349
-0.240332,0.131291,0.027910
1.025306,0.638196,0.309201
1.267172,1.051303,0.019766
-1.017729,-0.957804,0.009660
-2.489455,-2.606300,0.246920
-1.316053,-1.714625,0.062371
-1.472370,-1.595365,0.037431
-0.279014,-0.154161,0.023496
0.602060,0.511900,0.045104
-1.214670,-1.313634,0.024854
0.075547,-0.510308,0.178011
-1.447332,-1.614134,0.094484
1.100371,1.351840,0.145791
0.996074,1.144751,0.101173
0.255273,0.221801,0.019852
-0.522879,-0.548130,0.078475
0.311754,0.999539,0.031391
-0.292430,-0.262582,0.015132
0.110590,0.152134,0.027876
-1.974694,-1.148920,0.123410
-0.369572,-0.047110,0.072928
-1.050122,-1.079542,0.017670
0.854306,0.974166,0.082085
-1.098542,-1.021395,0.025412
0.146128,0.463620,0.131705
-1.267606,-1.614134,0.094484
-0.489455,-0.241881,0.081910
0.466868,0.440745,0.011485
-0.047208,0.100423,0.021030
-0.463442,-0.380163,0.014157
-0.213959,-0.011198,0.028241
-1.212540,-0.720068,0.069920
-0.031050,-0.165792,0.011117
-1.345823,-1.311901,0.005853
1.158362,1.515403,0.061059
-0.621602,-0.827358,0.015144
0.133539,-0.099589,0.162610
-0.229148,-0.407312,0.124567
-0.142668,-0.334397,0.031016
-0.460924,-0.406614,0.024092
0.222717,0.486213,0.042127
1.789581,1.355551,0.123879
1.745855,1.739203,0.046848
0.968016,0.131285,0.060703
0.389166,0.307685,0.073148
1.647383,1.228678,0.057692
-1.823909,-1.803289,0.069710
0.454845,0.925427,0.169326
-0.600326,-0.534569,0.032264
-1.232102,-1.004638,0.035794
-1.809668,-1.811626,0.062265
0.060698,0.126486,0.049633
-2.019088,-1.761292,0.073600
-0.669586,-0.250921,0.076931
-2.308035,-1.833453,0.110153
0.053078,-0.269879,0.102733
1.681241,0.667801,0.390556
-1.042393,-1.297195,0.058258
0.158362,0.007489,0.052934
-2.869666,-1.515957,0.216233
1.478566,0.916368,0.264420
0.235528,0.325880,0.072410
0.450249,-0.132852,0.025817
-1.225483,-1.279714,0.039124
-1.761954,-2.193680,0.070001
0.431364,0.896476,0.116674
-1.052076,-0.903352,0.126714
1.298853,1.311074,0.088351
1.528917,-0.097599,0.289964
1.176091,0.659416,0.194911
0.222717,0.159271,0.054878
-0.119758,-0.079002,0.094021
-0.223299,-0.404348,0.057363
1.303196,0.767736,0.252867
0.110590,0.453416,0.103875
-0.623423,0.026336,0.044306
-0.300162,-0.467132,0.077087
-0.879426,-0.834585,0.101056
-0.913640,-0.827358,0.015144
0.954242,0.713417,0.024376
-3.000000,-2.829650,0.066985
-1.247952,-0.965056,0.122420
-1.974694,-2.193617,0.070700
-0.987163,-1.331313,0.041777
-0.454693,-0.347688,0.082136
1.394452,1.065065,0.024373
-1.366532,-1.503160,0.023626
0.459392,0.408706,0.058724
0.269513,0.317836,0.065338
-0.366532,-1.312406,0.099632
-0.022276,-0.066774,0.081306
0.307496,-0.387406,0.279357
-2.675718,-2.308631,0.057890
0.113943,-0.534569,0.032264
-1.021819,-0.319913,0.092353
-2.790485,-2.838080,0.012721
1.778874,1.484402,0.030992
-0.407823,0.202922,0.087400
1.181844,0.948633,0.067668
1.130334,0.202922,0.087400
0.406540,0.465896,0.030064
-0.431798,-0.544357,0.021701
-2.368556,-2.538877,0.034324
-0.954677,-0.849837,0.105605
-1.375718,-0.866123,0.147067
-0.251812,-0.056530,0.038206
1.017033,0.783577,0.054167
-1.167491,-1.270120,0.025347
-0.651695,-0.838748,0.024875
0.911158,0.933195,0.058030
-1.821023,-1.547301,0.157508
0.296665,0.835126,0.030791
-0.560667,-0.375475,0.050544
0.672098,0.762100,0.102331
-2.974694,-2.488486,0.016398
-0.323306,0.277619,0.102855
-0.716699,-0.508390,0.021737
0.857333,0.752173,0.093823
-0.752027,-0.173806,0.048020
-1.207608,-1.169885,0.028463
-0.153663,-0.076872,0.109937
1.017033,1.289908,0.134670
0.888741,0.864449,0.098103
-0.931814,-0.867967,0.122016
-2.195179,-2.274566,0.016908
0.170262,0.234847,0.047033
0.053078,-0.297521,0.178661
-0.742321,-0.782312,0.100671
1.544068,1.316247,0.034286
0.380211,0.334659,0.041668
0.686636,0.758392,0.156969
0.103804,0.147459,0.060482
-0.991400,-1.108257,0.070787
0.267172,0.218597,0.035491
-1.448550,-1.202984,0.043973
1.501059,1.153381,0.191635
0.389166,0.440745,0.011485
1.021189,1.255122,0.082701
0.468347,0.334659,0.041668
0.507856,0.229706,0.040567
-0.970616,-0.372364,0.171398
-2.073658,-2.334042,0.066525
-0.266001,-0.142028,0.027088
0.795185,0.424070,0.296351
0.383815,0.550773,0.191913
1.209515,0.791515,0.077689
-0.474955,0.317836,0.065338
0.041393,-0.061851,0.012912
-0.236572,-0.477452,0.051366
1.103804,0.565301,0.308985
-1.010995,-1.078351,0.060137
-1.511449,-1.714625,0.062371
0.222717,-0.807515,0.150195
-0.690370,-1.078953,0.068476
-0.204815,-0.031242,0.034837
-0.675717,-0.204970,0.219284
1.240549,1.927454,0.070943
-0.943095,-0.966116,0.014152
1.079181,0.213999,0.076189
0.507856,0.100423,0.021030
-1.259637,-1.374735,0.058635
0.117271,0.131285,0.060703
0.214844,0.213950,0.023922
-0.779892,-0.934747,0.097128
-2.785156,-2.588291,0.073702
-1.568636,-1.735598,0.197723
1.359835,1.307491,0.050738
1.315970,0.100423,0.021030
-0.801343,-1.794057,0.218845
-0.008774,0.209533,0.080104
0.750508,0.686154,0.027210
-2.320572,-2.389053,0.086659
-1.772113,-1.717463,0.052133
-1.935542,-2.066456,0.051841
-0.316053,-0.437065,0.054130
-2.557520,-2.512557,0.073558
-0.193820,0.021582,0.071451
-1.886057,-1.840595,0.014336
0.673021,0.587896,0.123547
-1.306273,-0.692831,0.061176
0.176091,0.080630,0.060280
0.694605,-0.197817,0.065912
-0.343902,0.355834,0.066354
0.847573,0.650222,0.023960
-1.605548,-2.099837,0.069668
0.303196,0.202522,0.018188
-2.435334,-2.404837,0.015766
0.255273,0.100423,0.021030
0.053078,-0.060108,0.014082
0.589950,0.656782,0.097718
-1.603801,-1.311685,0.203261
1.611723,0.944290,0.073517
-2.279841,-0.902492,0.357534
-0.677781,-0.801713,0.028385
-1.665546,-1.617469,0.042286
0.537819,0.549958,0.030484
0.012837,0.404975,0.050133
-1.214670,-1.155742,0.086618
-0.943095,-1.339262,0.167299
-1.287350,-1.293179,0.321220
-1.047208,-1.029199,0.048407
-0.127261,-0.105248,0.019499
0.000000,0.040084,0.028810
-0.511449,1.247560,0.100133
1.292256,1.639020,0.069822
0.113943,0.185321,0.025097
0.741939,0.217341,0.100112
1.380211,1.066857,0.148759
0.276462,0.015178,0.060289
0.127105,0.200102,0.045430
0.645422,0.541779,0.067149
-0.267606,-0.042736,0.108686
-1.070070,-1.115694,0.040505
0.495544,0.169540,0.041375
1.123852,0.822988,0.257618
-0.177832,0.136034,0.259090
-0.420216,-0.609587,0.055023
-0.863279,-0.752912,0.032337
0.240549,-0.210265,0.066959
0.750508,0.652945,0.050216
1.037426,0.869590,0.090928
-0.602060,-0.792257,0.062335
0.597695,0.410879,0.017530
1.089905,0.562126,0.320457
0.409933,0.368088,0.077497
0.371068,0.349832,0.030432
-0.420216,-0.622587,0.092471
-1.344862,-1.333299,0.008047
-0.543634,-0.517323,0.057309
-0.407823,0.090424,0.140850
-1.630784,-1.286979,0.042634
-1.367543,-1.756584,0.093238
-0.211125,0.020799,0.119704
0.670246,0.480699,0.098957
-1.369572,-0.692831,0.061176
0.579784,0.539631,0.085480
-2.086186,-2.062953,0.026922
0.064458,0.319337,0.122192
0.726727,0.611406,0.026980
-1.578396,-1.977264,0.069278
-2.154902,-1.961686,0.066447
-1.102923,-1.308556,0.030700
-2.000000,-1.873495,0.144276
-0.517126,-0.370381,0.045750
-0.712198,-0.851052,0.087542
0.146128,0.146592,0.012929
-1.119186,-1.091052,0.110937
-1.554396,-0.343012,0.127030
0.029384,-0.043142,0.108067
-1.473661,-0.624558,0.020241
-1.436519,-2.285827,0.107352
-1.889410,-1.840595,0.014336
1.000000,0.625624,0.078258
0.822168,0.100423,0.021030
-1.284833,-1.473618,0.022712
-2.222573,-2.374164,0.155106
0.968483,0.847411,0.053535
0.887617,0.766002,0.031363
-1.005243,-1.139824,0.093905
-1.735182,-1.139753,0.137125
-0.123205,-0.151677,0.056313
1.421604,1.312490,0.029738
-2.681937,-2.198860,0.049021
-0.642065,0.100423,0.021030
-0.549751,-0.428909,0.046891
-0.962573,-0.534569,0.032264
-1.716699,-2.099837,0.069668
-0.417937,-0.302507,0.101974
0.110590,0.167580,0.046733
-1.522879,-1.511224,0.059089
1.439333,0.667425,0.197536
-2.809668,-2.838456,0.048207
1.404834,1.198473,0.038239
0.673021,0.458556,0.030453
-2.129596,-2.664221,0.091994
-0.809668,-0.861080,0.039434
-0.042872,-0.097333,0.071406
-1.254925,-1.080534,0.067097
-2.127844,-1.696136,0.066379
0.785330,-0.003003,0.029776
-0.590067,-0.467073,0.077078
-0.543634,-0.362004,0.160110
-2.137869,-1.988420,0.175212
-0.525784,-0.386773,0.024480
-0.578396,-0.725452,0.045319
-0.127261,-0.626299,0.024205
-0.568636,-0.292437,0.166446
0.255273,0.191320,0.040676
1.107210,0.941624,0.049367
-1.075721,-1.763551,0.315774
-0.769551,-0.658283,0.126947
-0.548214,-0.002397,0.032826
-1.177832,-1.261461,0.035284
1.477121,1.265357,0.155395
0.912753,1.283564,0.016104
0.056905,0.164163,0.087102
-1.486782,-0.339154,0.086511
-0.045757,-0.105686,0.178176
-1.262807,-1.149623,0.029735
-1.886057,-1.816519,0.019419
0.334454,0.026336,0.044306
0.728354,0.463451,0.013939
0.053078,0.536552,0.035842
-0.140261,-0.093992,0.016612
-0.508638,0.100423,0.021030
0.181844,-0.006297,0.129503
-0.325139,-0.428788,0.049130
0.401400,0.564354,0.062335
0.851258,0.806841,0.085788
0.068186,-0.143930,0.025127
1.378398,1.448685,0.036179
-0.754487,-0.335487,0.071934
-0.889410,0.026336,0.044306
-1.651695,-1.165205,0.057295
-0.721246,-0.802687,0.221421
-0.134304,-0.079842,0.029773
-1.795880,-1.822785,0.018753
-0.218245,-0.261064,0.015713
-0.196543,-0.482195,0.023291
0.012837,0.317367,0.013089
0.742725,0.735296,0.020474
0.000000,-0.042976,0.021676
0.558709,0.512547,0.036090
-1.301030,-0.968716,0.028222
-1.847712,-1.508394,0.090370
-0.417937,-0.472634,0.056045
-1.510042,-1.421945,0.262163
-1.127844,-0.827358,0.015144
0.403120,0.355277,0.027955
-0.525784,-0.374810,0.112085
-0.423659,-0.526305,0.067211
1.252853,1.448685,0.036179
0.269513,0.024872,0.034171
1.198657,1.147677,0.034214
1.301030,1.105876,0.140287
1.178977,0.729836,0.033122
-0.480172,-0.501126,0.060383
-1.903090,-1.840595,0.014336
-2.793174,-2.688129,0.070146
0.267172,-0.297125,0.087718
-1.065502,-1.113386,0.014973
-1.443697,-1.499842,0.032286
0.369216,0.306286,0.036119
1.227887,0.090246,0.463990
-0.764472,-0.652091,0.034979
0.532754,0.464770,0.059881
-0.244125,-0.066774,0.081306
0.198657,0.371316,0.135805
-2.866461,-2.206759,0.034543
-2.638272,-2.848969,0.210590
0.869232,0.840025,0.010576
0.740363,0.489132,0.062082
-0.366532,-0.198577,0.052132
0.582063,0.741600,0.025435
-0.141463,-0.475086,0.107320
0.873321,0.741600,0.025435
0.627366,0.741600,0.025435
1.611723,1.396638,0.190094
-1.742321,-1.733385,0.165374
-0.663540,-0.737853,0.110550
-0.823909,-0.969498,0.015326
-1.958607,-1.816519,0.019419
-2.671620,-2.179915,0.043690
-0.304518,1.280578,0.090716
1.161368,0.686154,0.027210
1.453318,0.451039,0.072219
0.754348,0.595326,0.034028
0.429752,0.114927,0.471085
-0.876148,-0.751077,0.017340
0.133539,0.275126,0.050082
-0.308918,-0.243010,0.034516
-1.879426,-1.697815,0.068997
0.751279,0.301777,0.465988
1.230449,1.271239,0.042181
-1.602060,-1.595798,0.120586
-0.193820,-0.275312,0.025681
-0.016825,-0.321926,0.032579
-0.364516,-0.329420,0.072512
-0.605548,-0.781640,0.060820
-0.089376,-0.482195,0.023291
-0.040959,0.032581,0.018363
0.556303,0.477602,0.094338
1.021189,0.802899,0.335031
-0.548214,-0.386773,0.024480
-0.320572,0.016370,0.116898
-0.974694,-0.838748,0.024875
-0.777284,-0.739650,0.029449
-0.749580,-0.517058,0.173079
0.429752,0.100423,0.021030
0.897627,1.066089,0.264598
-0.823909,-0.909509,0.068067
-0.369572,-0.309051,0.019379
-1.698970,-1.626498,0.075683
0.624282,0.450572,0.034031
-2.477556,-2.015411,0.146242
0.698970,0.514327,0.059885
-1.607303,-1.334665,0.024496
0.804821,0.191431,0.119361
-0.219683,0.037168,0.214207
0.170262,0.044761,0.052284
-0.603801,0.026336,0.044306
-1.385103,-1.333264,0.033735
2.000000,1.481899,0.190616
1.045323,1.260738,0.156868
-0.248721,-0.626299,0.024205
0.622214,0.607536,0.011003
-2.552842,-2.369622,0.036194
0.158362,0.458556,0.030453
-0.397940,-0.564467,0.108025
-1.187087,-0.623192,0.078010
-1.554396,-1.373425,0.040230
-0.473661,-0.350029,0.073749
0.173186,0.914069,0.103906
-1.016825,-0.972368,0.387572
-1.795880,-1.816519,0.019419
-0.213249,-0.197610,0.056911
1.117271,-0.156341,0.258955
0.113943,0.301284,0.050660
-0.130768,-0.166519,0.039863
-0.645892,-1.602749,0.060622
0.800029,0.891904,0.121432
-1.013676,-1.247822,0.047098
-0.643974,-1.120091,0.089165
-1.832683,-1.804524,0.069402
-1.248721,-1.366519,0.028269
-0.913640,-0.626299,0.024205
0.996512,1.266016,0.056191
0.204120,0.079731,0.047905
-0.274906,-1.036167,0.049382
-0.288193,-0.425242,0.046778
-0.232102,-0.462448,0.142300
-0.962573,-0.908603,0.025835
-0.882729,-0.682150,0.076017
-0.298432,-0.297009,0.012977
-0.338187,-0.384410,0.016110
-0.018181,-0.309077,0.142519
-2.504456,-2.452743,0.071550
-0.910095,-0.866123,0.147067
-0.688246,-0.749553,0.026358
-0.145694,-0.922835,0.123524
-0.642065,0.070423,0.070533
-1.299296,-0.746872,0.063742
-1.480172,-1.343556,0.028465
0.653212,0.450528,0.117974
-0.723538,-0.626299,0.024205
-1.408935,-1.425023,0.013916
0.800717,0.556190,0.099975
-1.958607,-1.870877,0.063151
-2.906578,-2.429834,0.024511
-0.247184,-1.812731,0.109710
0.540330,0.729836,0.033122
-1.288193,-1.350182,0.017854
-0.324222,-0.454783,0.094755
-0.467246,-0.524406,0.012592
0.346353,0.127818,0.019278
-1.114074,-1.182260,0.239567
0.330414,0.185321,0.025097
-0.408935,-0.265462,0.043524
-1.366532,-1.357513,0.031525
0.222717,-0.154886,0.077090
0.287802,0.182500,0.376153
-0.280669,-0.154161,0.023496
0.096910,0.091498,0.048442
-0.247184,-0.235303,0.036605
0.448706,0.579075,0.074591
-0.296709,-0.207748,0.074723
0.656098,0.427599,0.084666
-1.325139,-1.193444,0.058690
-0.145694,-0.712425,0.137443
-2.207608,-2.044070,0.060858
-0.863279,-0.827358,0.015144
-1.400117,-1.807893,0.161034
-0.156145,0.070423,0.070533
0.204120,0.151834,0.035195
0.274158,-0.125960,0.028582
-2.970616,-2.908439,0.014448
-0.406714,-0.309051,0.019379
-1.747147,-2.099837,0.069668
-0.250264,-0.193407,0.021228
0.697229,0.514327,0.059885
-1.823909,-1.590759,0.066796
0.269513,0.104346,0.036172
0.660865,0.475081,0.174165
-1.187087,-1.147400,0.036894
-0.481486,-0.593894,0.027031
0.158362,0.193553,0.019048
0.041393,-0.122365,0.030803
-1.202732,-1.614134,0.094484
-1.826814,-1.910194,0.121175
0.257679,0.332582,0.041911
1.387390,1.212270,0.014491
-1.754487,-1.007970,0.346419
0.626340,0.718664,0.050678
-0.346788,-0.460253,0.020206
1.130334,0.028327,0.187993
0.136721,0.180566,0.061540
-0.319665,-0.337797,0.015076
-0.407823,-0.384410,0.016110
0.245513,-0.061851,0.012912
-1.193142,-1.315446,0.143080
-0.939302,-0.877085,0.022740
0.354108,-0.053846,0.097090
-1.454693,-1.202984,0.043973
-0.663540,-0.484348,0.138524
-0.943095,-1.602749,0.060622
0.247973,-0.284874,0.095794
0.823474,1.211450,0.183011
-1.696804,-1.603549,0.085510
1.320146,1.168490,0.076007
-0.185087,-0.066997,0.013700
-0.714443,-0.507230,0.051832
-0.853872,-0.823596,0.032212
0.396199,1.565576,0.055294
-0.348722,0.019332,0.040459
0.416641,0.181299,0.123777
0.883093,0.871474,0.054692
-1.199971,-0.924551,0.026320
-1.107905,-1.055589,0.079585
0.800029,0.872109,0.064283
1.217484,1.095981,0.081137
-2.120331,-1.938549,0.028006
-1.100179,-1.350907,0.109662
-0.024568,0.018403,0.049682
-0.939302,-0.130422,0.074141
-0.659556,-0.770488,0.057011
1.136721,1.111293,0.055818
-2.737549,-2.613834,0.016571
1.647383,1.313973,0.074275
-0.568636,-0.313155,0.182929
-1.116907,-0.729890,0.063776
-1.443697,-1.529691,0.053199
0.113943,0.441813,0.111496
-2.168130,-2.179475,0.074531
0.305351,0.044245,0.064534
-1.130182,-1.279461,0.052183
0.602060,0.113424,0.179072
1.060698,0.686154,0.027210
0.675778,0.367730,0.105570
-0.742321,-0.634070,0.010204
0.133539,-0.470916,0.130067
-0.958607,-0.768660,0.074703
-1.853872,-1.849188,0.025640
-0.058489,-0.101437,0.019434
0.447158,0.088998,0.049521
0.267172,0.218597,0.035491
-0.696804,-1.553377,0.272902
-0.634512,-0.801971,0.102077
0.806180,0.693502,0.054198
-0.844664,-0.613151,0.073396
0.661813,0.627463,0.190427
0.260071,-0.033035,0.018839
0.045323,0.999539,0.031391
-1.376751,-1.229519,0.119292
-1.818156,-1.364022,0.139072
-0.038579,0.218042,0.079156
1.250420,0.686154,0.027210
-0.334419,-0.861080,0.039434
0.729974,0.702699,0.014710
-1.134896,-0.534569,0.032264
-2.132533,-2.503832,0.093044
-0.712198,-0.589217,0.065821
-1.154282,-0.915602,0.112594
-2.823909,-2.393845,0.135408
-0.920819,-0.461497,0.257491
-0.136677,0.033073,0.016991
-0.684030,-0.737853,0.110550
-1.913640,-1.888947,0.077651
0.862131,0.821876,0.031195
1.173186,1.128008,0.061214
-0.924453,-0.825372,0.014628
-1.554396,-1.407394,0.182823
1.869818,1.683922,0.042523
0.214844,0.264361,0.048424
-1.009217,-0.651881,0.044712
-1.853872,-1.971088,0.052065
-2.410050,-2.218917,0.162921
-1.677781,-1.591160,0.054812
0.685742,0.823831,0.045010
-1.982967,-1.859882,0.103619
-0.958607,-0.914179,0.037270
0.238046,0.012422,0.187637
1.068186,1.004623,0.047542
-0.806875,-0.361730,0.060424
-0.326979,0.164283,0.098646
-0.052566,-0.042294,0.057531
0.499687,0.300938,0.084839
-0.072117,-0.234501,0.062358
-0.928118,-0.626299,0.024205
0.146128,-0.034127,0.051236
-0.744727,-0.966380,0.032152
-0.244125,-0.291398,0.020532
1.278754,1.066857,0.148759
0.564666,0.100423,0.021030
-0.718967,-0.056509,0.264482
-1.353596,-1.465592,0.024877
1.278754,1.079044,0.134275
-1.206908,-1.648372,0.056669
0.677607,0.838814,0.118505
1.938019,1.695691,0.174994
-1.051098,-1.124859,0.073641
-2.183096,-1.705253,0.046709
0.167317,0.100423,0.021030
1.176091,0.808217,0.272475
-2.403403,-2.074436,0.196292
0.146128,0.146592,0.012929
1.198657,0.729836,0.033122
-1.030118,-0.963578,0.026266
0.252853,0.544807,0.081522
0.176091,0.129252,0.032618
-1.847712,-1.658431,0.051853
1.060698,0.686154,0.027210
-2.341035,-1.332326,0.119173
0.301030,0.131285,0.060703
-0.170053,-0.514428,0.107641
-0.958607,-0.825372,0.014628
-1.504456,-1.331313,0.041777
0.770115,0.697892,0.056598
-0.645892,-0.474084,0.116550
1.155336,0.999539,0.031391
-1.159894,-0.534569,0.032264
0.000000,0.686154,0.027210
0.133539,0.113836,0.015240
0.771587,0.741600,0.025435
-0.380907,-0.594583,0.029960
1.656098,1.584408,0.037373
-1.283997,-0.534569,0.032264
-1.477556,-1.644913,0.154652
0.763428,1.055391,0.148810
-0.468521,-0.384269,0.022521
1.178977,1.394295,0.047112
0.301030,0.339648,0.100584
-0.420216,-0.025221,0.159663
-2.879426,-2.273625,0.054324
-0.958607,-0.539918,0.034937
-1.376751,-1.114070,0.187667
0.348305,-0.040513,0.151732
1.252853,1.068516,0.034208
-0.333482,-0.437065,0.054130
0.442480,0.999539,0.031391
0.661813,0.458556,0.030453
-0.489455,0.100423,0.021030
-0.570248,-1.464053,0.276744
-1.096910,-0.163745,0.095614
-1.424812,-1.454379,0.046571
0.190332,0.185321,0.025097
-2.518557,-2.432946,0.052378
0.389166,-0.395903,0.090650
0.956168,0.686154,0.027210
-1.059484,-1.227097,0.055562
-2.299296,-2.280149,0.058736
0.713491,0.615496,0.179407
1.591065,1.351496,0.593680
-0.211125,-0.321926,0.032579
-1.473661,-1.714625,0.062371
-1.920819,-1.816519,0.019419
-1.213959,-1.185379,0.142710
1.170262,0.971589,0.146374
0.278754,0.292543,0.038472
-1.358526,-1.400102,0.016689
-1.260428,-1.036882,0.097731
-0.440093,-0.391301,0.124551
-0.247952,-0.457236,0.123576
-1.326979,-1.642522,0.067797
0.133539,0.686154,0.027210
1.799341,1.781887,0.033691
0.262451,-0.534569,0.032264
1.399674,1.142063,0.122814
-1.266803,-1.251718,0.065993
-0.663540,-0.610602,0.069135
-0.623423,-0.313596,0.040998
-1.958607,-1.963953,0.035693
-2.910095,-2.613834,0.016571
-1.517126,-1.368867,0.063384
-1.480172,-0.764680,0.115498
0.301030,0.724448,0.050488
1.000000,0.853869,0.045569
-2.991400,-2.835243,0.018130
-2.649752,-2.090872,0.084746
-2.094204,-2.458808,0.040995
-1.991400,-0.346989,0.168313
0.579784,0.459835,0.102107
0.624282,0.646204,0.029969
-1.286509,-1.311901,0.005853
0.359835,-0.297125,0.087718
-0.958607,-1.183959,0.068904
-0.455932,-0.732603,0.039398
-0.602060,-0.353888,0.053958
-0.327902,-0.396205,0.025756
-2.341035,-2.700336,0.174365
-0.659556,-0.792736,0.039047
1.155336,0.792670,0.078036
0.613842,0.301605,0.056347
0.060698,-0.132852,0.025817
0.167317,0.213217,0.009116
0.318063,-0.297125,0.087718
0.588832,0.387039,0.067021
1.149219,1.516597,0.023541
-2.021363,-1.931529,0.045311
-2.924453,-2.467432,0.084276
-0.903090,-0.557935,0.113959
-1.958607,-1.820711,0.140313
0.944483,0.711742,0.022213
0.000000,0.476592,0.118858
-1.060980,-1.282390,0.014542
0.707570,0.677415,0.046068
-0.206210,0.387039,0.067021
-2.754487,-2.594677,0.051679
0.369216,0.141093,0.057800
-2.366532,-2.234671,0.076957
-0.732828,-0.817335,0.105305
-0.723538,-0.297125,0.087718
-0.222573,-0.330600,0.053063
1.756636,1.495026,0.077114
-0.454693,-0.675699,0.047826
-1.124939,-0.967398,0.081580
-0.098542,0.345331,0.125535
1.821514,1.379446,0.081946
1.250420,0.808217,0.272475
-1.585027,-1.735598,0.197723
-2.177178,-1.650841,0.044152
-0.876148,0.070423,0.070533
0.888741,1.000240,0.058539
0.564666,0.232946,0.059509
-0.457175,-0.680993,0.094566
0.181844,0.218597,0.035491
-2.625252,-1.873384,0.047493
-0.638272,-0.552605,0.039918
-1.571865,-2.032529,0.032927
-1.801343,-1.714625,0.062371
0.469822,0.351952,0.047699
-1.416801,-1.589987,0.070715
0.906873,0.100423,0.021030
-0.045757,0.434002,0.078982
-1.634512,-1.465592,0.024877
0.633468,0.611226,0.049988
0.792392,0.684653,0.052951
-0.876148,-0.751077,0.017340
0.033424,-0.062783,0.014135
-1.555955,-1.477547,0.108766
0.802089,0.816965,0.088252
-0.653647,-0.626299,0.024205
-0.414539,-0.373047,0.117458
-1.712198,-0.955103,0.075523
-0.785156,-1.602749,0.060622
0.828660,0.585001,0.050001
-0.924453,-0.534569,0.032264
1.225309,1.459830,0.118445
-0.222573,-0.275788,0.036396
0.257679,0.214780,0.054427
0.079181,0.153329,0.017412
-1.782516,-1.693211,0.072766
0.068186,-0.007652,0.053092
-1.235077,-1.148459,0.040648
1.579784,1.107194,0.106412
-0.935542,-0.626299,0.024205
1.815578,1.496375,0.113126
-2.869666,-2.076290,0.101092
1.409933,1.246098,0.026497
0.064458,0.137114,0.034206
-0.752027,-0.132852,0.025817
0.799341,0.861376,0.052560
0.652246,0.391787,0.153895
0.334454,0.185321,0.025097
-2.093126,-2.613834,0.016571
0.709270,0.137958,0.048918
-2.244125,-2.477788,0.034344
0.509203,-0.009208,0.188897
-0.168770,-0.178256,0.040231
-1.307153,-1.517975,0.028080
0.000000,0.003947,0.029540
-0.517126,-0.370381,0.045750
-2.542118,-2.594677,0.051679
-2.248721,-2.299264,0.023820
1.068186,0.800287,0.066112
-0.725842,-0.398130,0.137725
0.262451,0.503117,0.141681
-0.376751,-0.028467,0.060829
1.250420,0.686154,0.027210
0.655138,0.634118,0.333633
-1.017729,-0.838748,0.024875
-0.543634,-0.561448,0.066371
-0.860121,-0.825372,0.014628
-0.389340,-0.626299,0.024205
1.399674,1.212270,0.014491
0.698970,0.702513,0.046047
-1.032920,-1.519123,0.093598
-1.118045,0.355834,0.066354
1.681241,1.442365,0.126417
0.624282,0.450572,0.034031
-1.567031,-1.169885,0.028463
0.666518,0.416977,0.073011
0.899821,0.945417,0.137655
1.000000,0.606594,0.036712
-1.449772,-1.374412,0.172705
0.330414,0.323578,0.049746
-2.995679,-1.969646,0.179454
-1.657577,-1.511224,0.059089
0.716003,0.960141,0.204612
-1.134896,-1.125068,0.075100
-0.593460,-0.457236,0.123576
0.917505,0.947639,0.030388
-1.124939,-0.839051,0.036471
0.429752,0.355277,0.027955
-1.070070,-0.672101,0.029414
-0.357536,-0.614655,0.201281
-1.024568,-0.903518,0.074286
0.222717,-0.544534,0.265905
-1.974694,-1.751694,0.076178
-0.086186,-0.191035,0.022580
0.029384,0.100423,0.021030
1.190332,0.254727,0.281120
-1.913640,-1.840227,0.082529
0.499687,-0.072568,0.302455
-1.853872,-1.816519,0.019419
0.556303,0.753988,0.074085
0.675778,0.474673,0.099674
-0.876148,-0.351001,0.157514
-1.423659,-1.554975,0.059133
1.096910,0.714611,0.019140
-0.567031,-1.602749,0.060622
-1.353596,-1.473618,0.022712
-0.534617,-0.762333,0.062327
1.595496,-0.196258,0.164592
0.507856,0.741600,0.025435
0.346353,0.846519,0.071101
1.309630,1.153528,0.052277
0.037427,-1.053810,0.042465
0.570543,0.100423,0.021030
-0.414539,-0.377953,0.010014
1.127105,0.667594,0.201974
-1.133122,-0.808965,0.043995
-0.235077,-0.413655,0.097954
-0.218963,0.100423,0.021030
0.866878,0.100423,0.021030
1.669317,1.311351,0.080102
-2.481486,-2.163918,0.134511
-1.823909,-1.545649,0.044790
-1.370590,-0.827358,0.015144
-2.732828,-2.323232,0.076525
1.201397,0.838276,0.114694
-0.127261,-0.626299,0.024205
-0.853872,-0.811718,0.047855
1.045323,0.962193,0.026558
-0.123205,-0.002397,0.032826
-0.869666,-0.964311,0.061882
-1.638272,-1.814150,0.050698
-0.835647,-0.840184,0.053832
0.176091,0.084495,0.051753
-0.917215,-0.132852,0.025817
0.506505,0.417902,0.069562
0.842609,1.086754,0.013649
1.113943,0.784521,0.092301
-2.872895,-1.604864,0.251457
-2.303644,-2.274566,0.016908
-1.657577,-1.682132,0.057578
-1.568636,-1.792501,0.092490
1.283301,1.268831,0.061589
-0.643974,-0.125960,0.028582
-0.899629,-0.862273,0.064817
-1.512862,-1.803721,0.042489
-0.847712,-0.838748,0.024875
0.139879,-0.057519,0.176197
1.710117,1.524154,0.118651
-0.417937,-1.552336,0.179989
0.000000,0.101021,0.062422
0.990783,0.623131,0.076934
-0.078314,0.026543,0.026330
0.127105,-0.025221,0.159663
-0.496209,0.100423,0.021030
-2.856985,-2.629967,0.131679
1.240549,0.686154,0.027210
0.975891,0.999539,0.031391
1.947924,1.448685,0.036179
-1.201349,-0.970246,0.093413
-0.966576,-0.437065,0.054130
-0.377786,-0.191580,0.077480
-2.045757,-1.960471,0.060808
-1.703335,-1.716768,0.010879
-1.043832,-0.132852,0.025817
-2.003926,-2.312756,0.021441
-1.991400,-1.503160,0.023626
0.844477,0.828372,0.089233
0.278754,0.213217,0.009116
-0.869666,-0.817152,0.190624
0.784617,0.943905,0.092178
0.737193,0.751416,0.028426
0.509203,0.551456,0.103673
0.195900,0.128894,0.073886
0.475671,0.623131,0.076934
0.281033,0.185321,0.025097
-1.430626,-1.518055,0.133387
-0.721246,-0.722651,0.115313
-1.201349,-1.246954,0.029196
-1.110698,-0.964613,0.060623
0.123852,0.410879,0.017530
0.502427,0.536051,0.139908
-0.019997,-0.032641,0.058914
0.130334,-0.241881,0.081910
0.492760,0.440745,0.011485
-1.318759,-0.623482,0.091039
-2.273273,-2.251643,0.071561
-0.935542,-1.398510,0.143624
-0.136677,0.061803,0.064950
-0.299296,-0.681814,0.183247
0.785330,-0.003050,0.029754
-0.077794,-0.076872,0.109937
-1.261219,-0.827358,0.015144
0.344392,0.129088,0.109873
0.392697,0.500371,0.081152
-1.562249,-1.529691,0.053199
-0.455932,-0.405514,0.043849
1.008600,0.281394,0.165312
-2.510042,-2.210585,0.049205
-0.151195,-0.165792,0.011117
-0.303644,-0.626299,0.024205
-0.991400,-0.827358,0.015144
-0.004365,0.162359,0.042522
-0.275724,-0.075169,0.035767
-1.537602,-1.735598,0.197723
-0.131356,0.159919,0.165892
1.149219,0.923652,0.069299
-0.928118,-0.895105,0.079835
-0.331614,-0.367582,0.024224
-0.950782,-1.146971,0.055899
-1.598599,-1.786552,0.030257
-0.838632,-0.508934,0.090200
0.220108,0.413118,0.037831
-0.247184,0.100423,0.021030
-1.287350,-1.479705,0.072903
0.634477,-0.611724,0.122865
-1.431798,-1.428716,0.083995
-2.642065,-2.157492,0.025483
0.271842,0.305544,0.039049
-1.241088,-1.169885,0.028463
0.471292,0.582440,0.166539
-1.283997,-1.364037,0.020758
0.840106,0.842877,0.026850
-1.152427,-0.916487,0.044880
-0.850781,-0.634441,0.105254
-0.987163,-0.451014,0.228355
-0.537602,-0.533262,0.082850
-0.069560,0.175399,0.138207
1.064458,0.044099,0.283625
-1.987163,-1.792501,0.092490
-1.142668,-1.225632,0.071002
-2.020907,-1.529691,0.053199
0.330414,0.359334,0.105167
1.413300,1.484402,0.030992
0.656098,0.487526,0.077056
0.447158,0.233587,0.276804
-1.254145,-0.866123,0.147067
0.999565,1.031393,0.025851
0.654177,0.884131,0.105508
0.079181,-0.241881,0.081910
0.579784,0.345095,0.042425
-1.596879,-1.316731,0.069697
-0.723538,-0.626299,0.024205
0.344392,0.180553,0.049991
-1.477556,-2.102758,0.022021
-2.832683,-2.612277,0.028254
-1.551294,-1.443602,0.037410
-1.127844,-1.035005,0.036301
1.419956,1.781360,0.158518
-0.035740,0.035376,0.020540
0.829304,0.783345,0.053576
-2.517126,-1.654009,0.115061
-0.489455,-0.434829,0.044778
1.392697,0.781494,0.049163
-0.892790,-0.948051,0.159012
0.372912,0.186112,0.040623
-1.007005,-0.626299,0.024205
-0.324222,-0.261064,0.015713
-1.619789,-1.706516,0.058404
1.578639,1.535111,0.063255
-0.653647,-0.626299,0.024205
1.155336,1.168481,0.180214
1.821514,1.234957,0.076294
-1.903090,-0.626299,0.024205
1.017033,1.063444,0.041575
-0.651695,-0.192337,0.018195
0.146128,-0.461704,0.153336
-1.148742,-1.003299,0.031215
-0.049635,-0.154161,0.023496
0.392697,-0.866123,0.147067
0.629410,0.695953,0.020857
-0.667562,-0.918347,0.044164
-0.007889,0.035662,0.103395
-0.444906,-0.527102,0.040919
-1.169411,-1.186184,0.059278
1.332438,1.480397,0.057658
0.264818,0.163352,0.074273
-1.449772,-1.347196,0.031537
-2.047208,-2.326097,0.022021
-1.100727,-1.067086,0.028553
-1.503070,-1.417286,0.018961
-0.254145,-0.549352,0.097723
-0.555955,0.169540,0.041375
-0.508638,-0.384269,0.022521
-1.251812,-1.686690,0.258046
0.931966,1.337881,0.084592
0.418301,0.261542,0.085678
0.245513,0.185321,0.025097
0.929930,1.065315,0.043151
-0.388277,0.100423,0.021030
1.338456,1.220927,0.051012
1.580925,1.444270,0.222464
1.580925,1.656284,0.118240
-1.267606,-1.193081,0.112723
0.139879,-0.238436,0.091548
-0.378824,-0.317303,0.022337
0.578639,1.063714,0.122998
1.859739,1.470071,0.213420
-1.879426,-1.165205,0.057295
-1.698970,-1.550799,0.009045
-1.987163,-2.326097,0.022021
-0.346788,-0.413655,0.097954
1.086360,1.324957,0.049813
0.580925,0.644605,0.040166
-0.337242,-0.312805,0.087553
0.301030,0.237332,0.040627
0.997823,1.014076,0.094941
0.765669,0.347643,0.088026
1.697229,1.604331,0.084922
0.733197,0.650222,0.023960
0.021189,0.141093,0.057800
-2.422508,-2.613834,0.016571
-1.939302,-1.869774,0.091111
-0.432974,-0.675699,0.047826
-1.301030,-0.697325,0.163503
-0.519993,-0.065670,0.029696
0.206826,0.100423,0.021030
-0.397940,-0.228287,0.090410
-0.243364,0.100423,0.021030
-2.300162,-1.848892,0.075455
-2.317855,-2.370025,0.072228
-0.679854,-0.672101,0.029414
0.949878,0.984850,0.073241
-1.094204,-2.387420,0.353611
-1.376751,-0.623482,0.091039
0.858537,0.686154,0.027210
-0.123205,-0.150319,0.043209
-0.525784,-0.539494,0.074677
-0.136677,-0.077702,0.064324
0.269513,0.222085,0.039928
-0.397940,0.113424,0.179072
-0.815309,-0.825372,0.014628
0.079181,0.115756,0.136151
-1.258848,-1.284499,0.020876
-0.265200,-0.134430,0.036659
-1.214670,-1.313195,0.027882
0.287802,-0.076872,0.109937
-0.185087,-0.061851,0.012912
-0.132532,0.056518,0.063882
-0.638272,0.684653,0.052951
0.033424,0.044076,0.064632
-1.571865,-1.614530,0.054833
-1.210419,-1.265392,0.105447
-1.007889,-1.056403,0.076696
-0.879426,-0.178256,0.040231
-1.330683,-1.123556,0.117024
-1.619789,-1.822785,0.018753
-0.393619,0.939711,0.070911
0.469822,0.400782,0.025258
-1.148130,-1.218957,0.119377
0.143015,0.459152,0.075165
0.075547,0.364518,0.092948
-0.346788,-1.312406,0.099632
-0.395774,-0.073212,0.162901
0.380211,0.495431,0.177565
-0.769551,-0.501126,0.060383
-0.681937,-0.121694,0.256265
0.041393,-0.178256,0.040231
0.060698,0.040084,0.028810
-0.260428,-0.323804,0.014128
-0.215383,-0.426621,0.037816
-0.602060,-0.705931,0.013091
0.747412,0.768257,0.085798
-0.590067,-0.672101,0.029414
-1.896196,-1.169101,0.245986
-0.440093,-0.527583,0.031539
-0.402305,-0.725452,0.045319
-1.400117,-0.871548,0.148052
-1.447332,-1.886663,0.112938
-0.200659,-0.154220,0.038329
-0.211125,0.615496,0.179407
0.463893,0.371045,0.039862
0.053078,0.249917,0.036917
1.477121,1.561271,0.036461
0.380211,0.121320,0.036221
-0.289037,-0.363443,0.023549
0.818226,0.821876,0.031195
-0.034328,-0.501725,0.065100
-0.987163,-1.006952,0.074287
1.765669,1.022275,0.278225
0.740363,0.353158,0.048252
0.792392,0.707032,0.069096
0.556303,1.055391,0.148810
-0.823909,-0.714020,0.451303
-0.006123,-0.830277,0.105975
-1.769551,-1.986650,0.079532
0.380211,0.070423,0.070533
-1.815309,-1.834806,0.033958
0.000000,-0.037759,0.020060
-0.510042,-0.241881,0.081910
-0.602060,-0.465858,0.044674
-0.149967,0.019217,0.007768
0.815578,0.902519,0.024368
-0.083546,-0.178067,0.127481
-0.080399,-0.026155,0.025990
-1.679854,-1.658431,0.051853
0.755875,0.666773,0.031913
1.545307,1.625126,0.085650
0.021189,0.051593,0.032665
0.450249,-0.279151,0.147775
1.056905,0.218597,0.035491
-0.086186,-0.066270,0.044318
0.591065,0.410879,0.017530
-2.632644,-2.311325,0.068582
1.201397,0.947075,0.041328
-2.966576,-2.908439,0.014448
-1.698970,-1.750304,0.034615
-0.494850,-0.563669,0.076012
0.220108,-0.447589,0.166354
-1.812479,-1.638676,0.060917
-0.598599,-1.602749,0.060622
-0.488117,-0.389120,0.008044
0.488551,0.664027,0.091415
-0.422508,-0.377953,0.010014
0.049218,-0.044807,0.011752
0.996512,0.937353,0.043196
1.235528,1.457755,0.056035
-1.146910,-0.808965,0.043995
0.969882,0.819018,0.086937
0.158362,0.270865,0.090879
1.146128,0.026336,0.044306
-0.549751,-1.282559,0.242012
0.868056,0.887399,0.041717
-0.958607,-0.749870,0.040619
-0.391474,-0.080119,0.092217
0.978181,0.947075,0.041328
-0.366532,-0.036079,0.072025
-2.653647,-2.486362,0.020578
-0.522879,-0.633414,0.024755
-0.211125,0.615496,0.179407
0.900367,0.553852,0.153356
0.068186,-0.620802,0.041375
-1.353596,-1.597444,0.056651
-1.130768,-1.071901,0.117036
1.661813,1.448685,0.036179
0.918030,-0.120495,0.066065
0.209515,0.241408,0.095187
0.324282,0.458556,0.030453
-2.408935,-2.296368,0.128545
-1.798603,-0.675699,0.047826
-1.000000,-0.868204,0.040534
-1.856985,-2.288169,0.076966
-2.167491,-2.168734,0.057244
-1.899629,-1.760642,0.189630
0.672098,0.683577,0.061103
-0.667562,-0.597977,0.015760
0.382017,0.008445,0.198507
0.905796,0.879015,0.315409
-2.011441,-2.002122,0.064381
-1.357535,-1.006699,0.098319
1.697229,1.164848,0.410768
-1.500313,-1.513949,0.021024
-0.175224,-0.363443,0.023549
0.004321,-0.113781,0.058149
-1.872895,-0.874794,0.077465
-0.402305,0.501191,0.337863
0.225309,-0.249810,0.126551
0.021189,-0.165454,0.053836
-1.000000,-1.501929,0.065074
-0.508638,0.012422,0.187637
-0.116907,-0.236335,0.070763
-0.045757,-0.015324,0.035201
-1.847712,-1.697815,0.068997
-0.899629,-0.551306,0.329677
-0.060481,0.987458,0.183668
-0.209011,-0.085292,0.022484
-1.645892,-1.314458,0.092546
-0.227678,-0.150521,0.083217
1.181844,1.318535,0.069023
-2.169411,-2.099837,0.069668
0.629410,0.670211,0.031465
1.729165,1.216118,0.090356
-0.390406,-0.626299,0.024205
-2.137272,-2.312756,0.021441
-1.920819,-1.816519,0.019419
-0.841638,-0.865110,0.106548
0.954242,-0.103689,0.121431
0.660865,0.495217,0.100118
-0.182435,0.061054,0.014583
0.167317,0.207534,0.030407
0.161368,0.194132,0.053216
-0.392545,-0.558333,0.087471
-0.422508,-0.737853,0.110550
-0.315155,0.248693,0.074664
-0.174574,0.045264,0.270432
-0.142065,-0.069094,0.034328
0.406540,-0.147176,0.073710
-0.116907,-0.120363,0.123606
-1.677781,-1.282390,0.014542
-2.301899,-2.299264,0.023820
0.352183,0.390505,0.100038
0.959995,0.976198,0.067751
-2.164309,-1.602749,0.060622
-0.931814,-0.297125,0.087718
0.060698,0.222056,0.029403
-0.548214,-0.002397,0.032826
1.541579,0.301054,0.224443
-0.374688,-0.281344,0.018653
1.283301,1.001795,0.118675
-1.387216,-1.493746,0.118259
-0.876148,-0.885537,0.106888
-2.970616,-2.797814,0.106709
-0.480172,-0.672101,0.029414
-2.187087,-1.963953,0.035693
-0.379864,-0.132852,0.025817
-0.009661,-0.249833,0.016357
-0.928118,-0.626299,0.024205
-0.661543,-0.827358,0.015144
-0.364516,0.702652,0.040156
-2.059484,-1.431140,0.056453
0.737193,-0.162683,0.102303
0.313867,0.305871,0.082136
-1.146910,-1.331914,0.127392
0.485721,1.052996,0.198862
-0.692504,-1.040854,0.047347
-1.191114,-1.139872,0.071923
-1.812479,-0.675699,0.047826
1.800029,1.534296,0.057328
1.394452,1.383136,0.138904
-0.519993,-0.187033,0.085383
-1.455932,-1.456014,0.032606
1.738781,0.615496,0.179407
0.954725,0.589291,0.145234
-0.027334,-0.578995,0.283528
-2.247184,-1.906315,0.324128
0.973128,0.999539,0.031391
-2.006123,-2.032591,0.096501
0.419956,0.515678,0.061260
1.793092,1.533255,0.086551
-2.435334,-2.404837,0.015766
1.599883,1.406015,0.063258
-1.392545,-0.946017,0.064480
-0.183096,-0.053491,0.090696
1.361728,0.513476,0.195894
-0.468521,-0.258477,0.075492
-2.205512,-1.488324,0.082807
-0.029188,-0.002460,0.031024
0.271842,-0.010563,0.187007
0.833147,0.979293,0.030261
0.301030,0.485784,0.020313
-2.279841,-2.289653,0.062358
-0.815309,-0.886081,0.084870
0.657056,0.170539,0.057111
1.245513,0.973834,0.146112
0.806858,0.819013,0.026322
-0.856985,-0.827358,0.015144
0.429752,0.355834,0.066354
0.491362,0.471981,0.041585
0.568202,0.734863,0.076807
-0.397940,-0.602760,0.060467
-0.180456,-0.122365,0.030803
0.403120,0.490072,0.055172
-0.798603,-0.427968,0.257325
1.079181,0.646711,0.284891
1.841985,1.516597,0.023541
-0.220404,-0.261064,0.015713
-0.113509,0.686154,0.027210
-0.844664,-0.827358,0.015144
-0.013228,0.094174,0.152680
0.569374,0.623131,0.076934
-1.323306,-1.549347,0.165004
-0.684030,-0.441632,0.215911
-0.293282,-0.626299,0.024205
-2.353596,-2.264309,0.104545
1.748188,1.417382,0.133409
-1.292430,-1.138133,0.045898
-1.448550,-1.558014,0.077718
-0.886057,-0.748676,0.065669
0.817565,0.783519,0.014881
0.361728,0.819118,0.195558
1.895975,1.467611,0.060569
1.068186,1.448685,0.036179
-1.370590,-1.503160,0.023626
-0.448550,-0.683492,0.180811
-1.356547,-1.112536,0.036232
0.103804,0.061054,0.014583
-0.042872,0.097066,0.053563
-0.365523,-0.226196,0.062042
1.220108,1.438353,0.261679
0.940018,0.702652,0.040156
-0.378824,0.100423,0.021030
0.640481,0.075581,0.099587
-2.158015,-1.602749,0.060622
-1.659556,-1.697815,0.068997
0.008600,-0.080507,0.068128
-0.841638,-1.338222,0.152402
1.089905,1.072868,0.034509
1.117271,0.914069,0.103906
-1.079355,-1.036527,0.098072
0.658011,0.646204,0.029969
-0.199283,-0.367461,0.137633
-0.001305,-0.361730,0.060424
-0.075721,0.213999,0.076189
0.843855,0.026336,0.044306
-2.404504,-1.602749,0.060622
-0.661543,-1.152969,0.077151
-0.602060,-0.843526,0.021382
1.012837,0.896552,0.087384
-1.478862,-1.465592,0.024877
-0.829738,-0.808965,0.043995
1.021189,0.608246,0.124116
-1.140862,-0.950766,0.175778
1.744293,1.464796,0.043745
-2.627088,-2.322164,0.214300
-0.850781,-0.579513,0.034407
0.301030,-0.116179,0.136061
