# Y_test, mean_pred, pred_error
-10.060000,-10.004796,0.034871
-9.893000,-9.925718,0.044612
-9.699000,-9.892597,0.061524
-10.290000,-10.430448,0.023779
-10.600000,-10.460917,0.035836
-10.090000,-10.025140,0.040897
-10.530000,-10.518167,0.018438
-9.622000,-9.627615,0.016621
-9.672000,-9.702952,0.014145
-10.040000,-10.148557,0.026303
-12.290000,-12.353948,0.007634
-9.812000,-9.871358,0.075251
-10.660000,-10.661469,0.059846
-9.735000,-9.642246,0.057659
-9.824000,-9.745741,0.017810
-9.804000,-9.757763,0.026283
-10.470000,-10.799032,0.067609
-9.409000,-9.315759,0.033758
-9.551000,-9.537905,0.016017
-9.564000,-9.892656,0.034369
-10.750000,-10.308187,0.053334
-8.959000,-8.919713,0.009786
-9.648000,-9.653799,0.012264
-9.728000,-9.702742,0.008731
-10.160000,-10.151040,0.007455
-9.959000,-9.977030,0.056281
-9.244000,-9.365541,0.025665
-10.890000,-10.864992,0.027885
-12.100000,-11.983503,0.040151
-12.410000,-12.064871,0.042321
-10.280000,-10.378525,0.025144
-12.140000,-11.666634,0.060760
-9.573000,-9.554018,0.008413
-10.390000,-10.325393,0.034071
-9.526000,-9.563553,0.010696
-9.222000,-8.983146,0.020341
-9.699000,-9.643939,0.034405
-10.140000,-10.117879,0.014581
-10.330000,-10.335552,0.020232
-10.080000,-9.993374,0.021259
-10.540000,-10.482648,0.087704
-10.600000,-10.053038,0.064534
-10.550000,-10.520232,0.038562
-10.550000,-10.666670,0.056713
-9.793000,-9.802171,0.010771
-10.620000,-10.579324,0.085635
-11.800000,-11.810022,0.018734
-11.720000,-11.666634,0.060760
-10.800000,-11.383683,0.105507
-10.220000,-10.096815,0.035012
-10.420000,-10.492088,0.022417
-11.590000,-11.411277,0.118796
-10.530000,-10.441157,0.043926
-10.080000,-10.144713,0.038156
-10.010000,-10.424880,0.291140
-8.872000,-9.099113,0.149927
-9.666000,-9.723395,0.014541
-11.330000,-11.314012,0.038548
-10.050000,-9.977395,0.039188
-12.240000,-12.426101,0.048018
-10.110000,-10.132402,0.007758
-10.700000,-10.631172,0.044330
-9.796000,-10.059523,0.067378
-11.590000,-10.819469,0.041970
-10.100000,-10.247358,0.029617
-10.110000,-10.132402,0.007758
-8.959000,-8.949496,0.014446
-9.839000,-9.797350,0.007733
-9.409000,-9.233759,0.051353
-12.340000,-12.477779,0.029528
-8.347000,-10.009156,0.102000
-10.280000,-10.227616,0.038942
-9.836000,-9.822923,0.019421
-11.500000,-11.361995,0.068580
-9.143000,-9.168633,0.018596
-9.939000,-9.968254,0.107222
-10.640000,-10.523384,0.068046
-9.721000,-9.652726,0.010343
-9.706000,-9.727579,0.024389
-9.866000,-9.797275,0.018102
-10.010000,-9.985754,0.023239
-10.410000,-10.158630,0.034787
-10.060000,-10.115494,0.031694
-9.854000,-9.809147,0.006784
-11.250000,-11.143679,0.020352
-9.664000,-9.615532,0.020060
-9.577000,-9.596397,0.015159
-9.429000,-9.423885,0.018360
-9.593000,-9.763500,0.017370
-9.979000,-10.020683,0.047235
-9.910000,-9.977776,0.011922
-9.367000,-9.272017,0.050393
-11.740000,-10.668670,0.158034
-12.290000,-12.181471,0.021043
-12.680000,-12.729862,0.090642
-10.840000,-10.818997,0.111865
-9.401000,-9.456866,0.015338
-10.150000,-10.304384,0.040551
-10.340000,-10.447923,0.078292
-9.848000,-9.820114,0.018393
-10.280000,-10.379251,0.027250
-10.110000,-10.047233,0.052837
-11.140000,-11.242212,0.036584
-9.577000,-9.598796,0.005440
-10.740000,-10.697515,0.124823
-10.500000,-10.465181,0.023535
-9.292000,-10.053038,0.064534
-11.000000,-11.635835,0.210023
-10.820000,-10.750237,0.015838
-11.300000,-11.088201,0.078406
-9.812000,-9.871358,0.075251
-10.020000,-9.921727,0.067472
-10.090000,-10.211687,0.060756
-10.740000,-10.160928,0.177851
-10.160000,-10.151040,0.007455
-9.839000,-9.809147,0.006784
-10.270000,-10.286199,0.022470
-9.851000,-10.015681,0.089430
-9.442000,-9.459715,0.010060
-9.963000,-9.975302,0.016016
-12.230000,-12.716189,0.052377
-12.700000,-12.649065,0.048288
-9.559000,-9.559776,0.008899
-9.398000,-9.233759,0.051353
-9.638000,-9.603652,0.012931
-11.140000,-11.199553,0.049065
-9.738000,-9.633191,0.023908
-9.812000,-9.957125,0.094689
-10.490000,-10.604105,0.084152
-9.340000,-9.265526,0.065923
-9.939000,-9.978042,0.034030
-12.700000,-12.649065,0.048288
-10.420000,-10.501491,0.023747
-11.120000,-11.062591,0.029210
-11.020000,-11.086803,0.060518
-10.550000,-10.609580,0.012986
-9.921000,-9.964209,0.078776
-10.180000,-10.004638,0.059145
-9.401000,-9.452234,0.008389
-9.401000,-9.456443,0.008857
-10.320000,-10.436444,0.016174
-9.410000,-9.431469,0.048568
-10.160000,-10.017053,0.035287
-10.600000,-10.843133,0.043275
-10.020000,-9.980471,0.019536
-11.460000,-11.179027,0.072559
-10.820000,-10.592282,0.118199
-11.140000,-10.829937,0.051745
-11.100000,-11.131035,0.035222
-9.682000,-9.626730,0.015799
-10.800000,-10.937339,0.089638
-10.900000,-10.661868,0.031547
-9.559000,-9.520029,0.023552
-9.180000,-9.258668,0.049703
-9.747000,-9.732292,0.025539
-14.240000,-13.788775,0.076839
-9.788000,-10.025140,0.040897
-12.320000,-12.292272,0.129495
-10.200000,-10.312039,0.040062
-9.910000,-9.923885,0.042814
-10.380000,-10.320778,0.139331
-10.670000,-10.571544,0.046920
-9.777000,-9.802189,0.010772
-10.550000,-10.528048,0.045114
-10.270000,-10.233644,0.012873
-10.210000,-10.385369,0.010463
-10.100000,-10.106529,0.023730
-10.080000,-10.026281,0.024603
-12.080000,-12.156177,0.019657
-12.220000,-12.181471,0.021043
-9.674000,-9.698150,0.107477
-10.830000,-10.367940,0.050623
-11.620000,-10.891904,0.320898
-9.449000,-9.432664,0.078464
-10.150000,-10.236948,0.052702
-10.130000,-10.428183,0.188831
-9.764000,-9.690058,0.077771
-10.740000,-10.973699,0.054066
-11.660000,-11.013445,0.135454
-10.640000,-10.556042,0.026911
-11.490000,-11.666634,0.060760
-10.010000,-10.000158,0.114056
-11.070000,-10.791654,0.034046
-9.810000,-9.775611,0.021394
-11.290000,-11.249429,0.023262
-9.340000,-9.932939,0.009856
-11.310000,-11.213858,0.078574
-9.796000,-9.997397,0.038460
-11.000000,-11.104017,0.027037
-9.456000,-10.214115,0.094864
-9.456000,-9.223192,0.033923
-8.469000,-9.085534,0.447778
-9.416000,-9.519432,0.030468
-10.490000,-10.629887,0.075076
-10.110000,-10.132402,0.007758
-10.380000,-10.395722,0.023197
-11.290000,-11.199553,0.049065
-10.720000,-10.631908,0.099736
-10.390000,-10.484541,0.083636
-13.490000,-13.042170,0.039739
-10.090000,-10.120631,0.031519
-10.460000,-10.520205,0.033032
-9.495000,-9.319846,0.136583
-11.060000,-10.898386,0.009686
-10.600000,-10.696034,0.022739
-11.940000,-11.506501,0.102236
-10.290000,-9.542247,0.078664
-9.401000,-9.459756,0.010709
-9.947000,-10.194214,0.085224
-10.310000,-10.341657,0.041976
-9.499000,-9.482547,0.003760
-11.160000,-10.772049,0.358548
-10.820000,-10.378894,0.037539
-10.100000,-10.336168,0.047985
-10.340000,-10.278264,0.027165
-9.046000,-9.355062,0.114660
-9.559000,-9.556538,0.009114
-9.812000,-9.957125,0.094689
-9.804000,-9.734196,0.020542
-10.100000,-10.427300,0.070711
-10.820000,-11.404156,0.194181
-9.530000,-9.530401,0.024786
-9.991000,-9.464373,0.148108
-13.190000,-12.975521,0.043216
-10.480000,-10.410007,0.014005
-9.674000,-9.638513,0.016979
-9.682000,-9.707474,0.022511
-10.160000,-10.151040,0.007455
-9.301000,-10.092213,0.092513
-10.270000,-10.278643,0.042127
-9.863000,-9.927431,0.012674
-10.530000,-10.549963,0.017238
-11.570000,-11.342306,0.075680
-11.010000,-10.939943,0.051034
-9.863000,-10.015681,0.089430
-10.150000,-10.236948,0.052702
-11.980000,-11.506501,0.102236
-10.040000,-10.143469,0.137359
-11.330000,-11.314012,0.038548
-12.050000,-11.980976,0.074599
-12.540000,-12.620365,0.029542
-9.896000,-9.839842,0.025763
-11.330000,-11.737960,0.089943
-9.401000,-9.456443,0.008857
-9.564000,-9.542937,0.008532
-10.470000,-10.347807,0.044388
-9.812000,-9.871358,0.075251
-9.979000,-9.978678,0.015689
-10.310000,-10.255009,0.010744
-11.100000,-11.353825,0.039190
-10.850000,-10.880909,0.049924
-9.559000,-9.559776,0.008899
-9.932000,-9.925279,0.034657
-10.800000,-10.995312,0.056140
-9.886000,-9.811514,0.038956
-10.410000,-10.367940,0.050623
-10.710000,-10.672116,0.003697
-10.550000,-10.596360,0.023435
-10.740000,-10.924033,0.071945
-11.170000,-11.190541,0.034701
-9.770000,-9.806185,0.036653
-11.530000,-11.062591,0.029210
-10.200000,-10.244849,0.016971
-11.310000,-11.218019,0.070431
-10.200000,-10.160044,0.018993
-11.170000,-10.973425,0.083787
-10.070000,-10.081966,0.020391
-10.810000,-11.138104,0.063628
-9.818000,-9.776571,0.024776
-10.800000,-11.647275,0.220269
-10.470000,-10.517753,0.029232
-10.260000,-10.251371,0.030610
-9.775000,-9.787239,0.036541
-10.400000,-10.468400,0.032301
-10.640000,-10.786707,0.209807
-11.040000,-10.653315,0.080465
-10.960000,-11.138104,0.063628
-10.260000,-10.232117,0.044297
-11.240000,-11.213858,0.078574
-9.979000,-9.958183,0.006758
-10.660000,-10.699247,0.024613
-11.540000,-10.057400,0.149612
-11.210000,-11.088201,0.078406
-10.050000,-9.998108,0.061043
-10.770000,-10.520411,0.066313
-9.674000,-9.638513,0.016979
-10.000000,-9.938504,0.027729
-9.793000,-9.802171,0.010771
-10.370000,-10.381986,0.010515
-10.550000,-10.528048,0.045114
-9.735000,-9.642246,0.057659
-9.845000,-9.671153,0.145071
-9.854000,-9.808909,0.007022
-9.638000,-9.603652,0.012931
-9.959000,-10.007332,0.040063
-11.920000,-11.522831,0.101962
-10.500000,-10.432725,0.212275
-9.491000,-9.519809,0.029266
-10.610000,-10.692566,0.026437
-9.567000,-9.560712,0.028582
-9.812000,-9.871358,0.075251
-11.300000,-10.953828,0.118205
-8.921000,-8.919713,0.009786
-10.770000,-10.680963,0.026846
-10.150000,-10.236948,0.052702
-8.824000,-10.076528,0.100992
-10.200000,-10.333134,0.035294
-9.738000,-9.723038,0.045552
-9.775000,-9.776138,0.020554
-9.963000,-9.973838,0.017157
-9.324000,-9.357733,0.012557
-11.540000,-11.554061,0.025440
-12.270000,-12.467325,0.025882
-10.240000,-10.003593,0.079629
-10.740000,-10.682585,0.068588
-10.110000,-10.129898,0.009770
-10.720000,-10.541415,0.031710
-9.699000,-10.214115,0.094864
-9.807000,-9.817652,0.014914
-10.020000,-10.001948,0.115307
-12.000000,-10.637346,0.223220
-9.996000,-9.998908,0.039967
-12.240000,-12.057339,0.110069
-11.080000,-11.060917,0.022106
-11.300000,-11.249429,0.023262
-10.130000,-10.146317,0.020226
-11.230000,-10.952171,0.045265
-10.720000,-10.734190,0.019779
-10.220000,-10.074832,0.047479
-9.780000,-9.741713,0.014061
-10.170000,-10.439080,0.057708
-9.845000,-9.830017,0.039057
-10.140000,-10.198411,0.020811
-9.775000,-9.770473,0.016850
-10.370000,-10.451427,0.022447
-12.610000,-12.787900,0.069686
-9.932000,-9.811528,0.168505
-9.167000,-9.296568,0.030155
-9.330000,-9.499854,0.038858
-10.280000,-10.331112,0.045521
-9.721000,-9.740746,0.084508
-9.499000,-9.484012,0.004931
-12.580000,-12.387743,0.058280
-10.400000,-10.468400,0.032301
-11.820000,-11.274960,0.198079
-12.680000,-12.643620,0.035184
-10.000000,-9.985754,0.023239
-9.573000,-9.571080,0.011991
-9.666000,-9.723228,0.014585
-10.030000,-9.962911,0.027529
-10.850000,-11.060917,0.022106
-10.030000,-10.370905,0.072458
-10.060000,-10.004796,0.034871
-10.610000,-10.632191,0.035689
-9.324000,-9.358530,0.011267
-9.857000,-9.923405,0.074610
-9.577000,-9.596397,0.015159
-9.135000,-9.396495,0.120733
-10.320000,-10.376521,0.058296
-9.013000,-10.154128,0.080236
-10.280000,-10.865445,0.030767
-9.735000,-9.642246,0.057659
-9.967000,-9.925549,0.055105
-12.400000,-12.467325,0.025882
-10.540000,-10.526938,0.123023
-8.887000,-8.890228,0.052535
-9.173000,-9.266393,0.024728
-10.020000,-10.070451,0.014041
-9.943000,-9.868575,0.013285
-12.580000,-12.710438,0.083040
-9.804000,-9.734196,0.020542
-10.270000,-10.278785,0.021473
-9.854000,-9.808909,0.007022
-10.740000,-10.696034,0.022739
-10.740000,-10.697353,0.020814
-11.410000,-11.060917,0.022106
-10.550000,-10.120708,0.024385
-9.573000,-9.557532,0.005855
-9.991000,-9.964455,0.053042
-9.674000,-9.631008,0.013159
-9.479000,-9.481471,0.009995
-9.699000,-9.683039,0.017254
-11.280000,-11.088201,0.078406
-9.401000,-9.441654,0.034632
-9.442000,-9.461625,0.017680
-10.470000,-10.502770,0.011810
-9.917000,-9.845877,0.013204
-10.550000,-10.596360,0.023435
-9.910000,-9.977776,0.011922
-9.676000,-9.786838,0.037321
-10.700000,-10.699319,0.221520
-9.807000,-9.745740,0.017811
-10.100000,-10.238777,0.028097
-12.650000,-12.584258,0.026908
-10.490000,-10.722408,0.078422
-10.850000,-10.865445,0.030767
-9.569000,-9.682210,0.053376
-9.886000,-9.669203,0.092804
-9.347000,-9.233759,0.051353
-10.350000,-10.454146,0.023934
-10.240000,-10.368213,0.141596
